9.997961791746489135e-01 -3.715807914201917517e-03 -1.984421526082354517e-02 -1.744153723120689392e-02 3.729318130721803303e-03 9.999928387955847597e-01 6.438507803203758709e-04 -1.045462489128112793e-02 1.984168072651652445e-02 -7.177249418850635294e-04 9.998028768596610716e-01 2.080719769001007080e-01
9.991149955227469626e-01 -5.852482166408562274e-03 -4.165302118782158308e-02 -4.554882208015302580e-02 5.882393198495112357e-03 9.999825212192445800e-01 5.955722133508554788e-04 -1.574685473416100046e-02 4.164880756803900075e-02 -8.400645778075269349e-04 9.991319588120807227e-01 4.834106852503878837e-01
9.979478320669540325e-01 -8.707076213348674890e-03 -6.343745972752862228e-02 -8.501632085727134358e-02 8.767901385865681241e-03 9.999613296703930843e-01 6.804918126500934588e-04 -1.731663724013528943e-02 6.342908148597624363e-02 -1.235308720234268992e-03 9.979855838809551516e-01 7.530691053245583966e-01
9.962050927043361037e-01 -1.066708809075487575e-02 -8.638070676725148611e-02 -1.326528220928201440e-01 1.056092459511333986e-02 9.999428106331140764e-01 -1.685922549979361820e-03 -1.398303997421155784e-02 8.639375059367512821e-02 7.672644995529807194e-04 9.962607746787713880e-01 1.031268022027356679e+00
9.934804765372522439e-01 -1.892498510271816564e-02 -1.124205838722473483e-01 -1.668499666924193048e-01 1.869790168763594759e-02 9.998204532148647905e-01 -3.074053627027142650e-03 -2.492430684258731266e-02 1.124585755369264944e-01 9.519832373700810521e-04 9.936559578224856137e-01 1.387262841314711004e+00
9.907169317141367726e-01 -2.584180846813374094e-02 -1.334622124424129086e-01 -2.245650354244285440e-01 2.552092867913069094e-02 9.996658198979856413e-01 -4.114696470335440018e-03 -3.002692465940279276e-02 1.335239432247347369e-01 6.704198569239066229e-04 9.910453607796837483e-01 1.676511455220051960e+00
9.872083406878034983e-01 -2.305303745287687334e-02 -1.577601012316837137e-01 -2.834161104417270982e-01 2.303199916171894818e-02 9.997328034518510043e-01 -1.961814700075297305e-03 -4.045865141822002631e-02 1.577631740649553804e-01 -1.696810684522559497e-03 9.874755195661569784e-01 2.000314353540480816e+00
9.830976706085592376e-01 -2.098696820789981710e-02 -1.818750043559207719e-01 -3.617225256319649973e-01 2.105964289746978246e-02 9.997770476011688112e-01 -1.531839065129800325e-03 -4.946915556131306624e-02 1.818666035451716179e-01 -2.324275227035150874e-03 9.833204646805701055e-01 2.311162149873932758e+00
9.786194463634522167e-01 -2.386317047063108918e-02 -2.042903039656572828e-01 -4.388666378866428741e-01 2.391617206559294370e-02 9.997115249802394077e-01 -2.209872261829399186e-03 -6.471924957064988104e-02 2.042841058746861227e-01 -2.723218091569505356e-03 9.789078547903299343e-01 2.620448288429736650e+00
9.737940635695102598e-01 -2.922209189285243300e-02 -2.255464278196115946e-01 -5.247067919487091725e-01 2.853356046272980187e-02 9.995729018774692776e-01 -6.312666597847187318e-03 -6.774149636249079953e-02 2.256345666871574229e-01 -2.884053770664825713e-04 9.742119682790995050e-01 2.927132242744553636e+00
9.685402135242947574e-01 -3.436152395846246710e-02 -2.464734072016017130e-01 -6.139666032407500307e-01 3.225335633561133425e-02 9.994004701281685721e-01 -1.258655285152970003e-02 -7.781337278774322352e-02 2.467581321687344342e-01 4.240987956629899309e-03 9.690678192106830791e-01 3.223050739935884312e+00
9.627660741291848012e-01 -3.922218603424328098e-02 -2.674754318223884764e-01 -7.074200630771856346e-01 3.574880430722905678e-02 9.992014685998262813e-01 -1.784511525752984287e-02 -8.202488216617816186e-02 2.679617687217364375e-01 7.618744689664665865e-03 9.633994214410097623e-01 3.554024793240037727e+00
9.578413085502158753e-01 -4.198258678062785632e-02 -2.842138104350632744e-01 -8.271921162470217137e-01 3.678846655627720369e-02 9.990445741136837476e-01 -2.359126241739990457e-02 -8.223330294346284375e-02 2.849326874250279196e-01 1.214089540421140964e-02 9.584706371587683460e-01 3.849789221952031326e+00
9.517858497701093823e-01 -4.423031435068236483e-02 -3.035578618152253716e-01 -9.381121760789445929e-01 3.811478871980266553e-02 9.989339024897321284e-01 -2.604460284741881571e-02 -9.611841642442267575e-02 3.043862005056017228e-01 1.321884068573314815e-02 9.524569823318472794e-01 4.185953634326246231e+00
9.457264455884598631e-01 -4.790467610053386616e-02 -3.214134908841285165e-01 -1.073631252499971156e+00 4.060755854576133389e-02 9.987433409749880697e-01 -2.937286242557623356e-02 -1.034933206895075342e-01 3.224166811806909450e-01 1.472687563002424670e-02 9.464832818547861404e-01 4.497865991205568292e+00
9.384588855467327351e-01 -5.674784986322278096e-02 -3.406972287446531356e-01 -1.198401716755211899e+00 4.908697785616051440e-02 9.983110960050359806e-01 -3.107127609502095128e-02 -1.149063304312099854e-01 3.418850519448519143e-01 1.243531781360414194e-02 9.396594990354434351e-01 4.857454886999445165e+00
9.302876617880482257e-01 -6.780205813929100767e-02 -3.605103982370038707e-01 -1.326643429326025858e+00 6.010291962501489171e-02 9.976617046839573177e-01 -3.253862412041708813e-02 -1.266188286381553230e-01 3.618736041458064934e-01 8.602553061562231637e-03 9.321874761566727452e-01 5.203697952784344771e+00
9.214579345950804079e-01 -7.275842947332905597e-02 -3.816038334612795735e-01 -1.479067952101607908e+00 6.406612946250263285e-02 9.973157162740917681e-01 -3.545268859183300231e-02 -1.410948825939676021e-01 3.831589824439238789e-01 8.220280607755361610e-03 9.236458310192640075e-01 5.567176103238309359e+00
9.128073247217621811e-01 -7.695321340129633592e-02 -4.010747946225426963e-01 -1.652900110990301430e+00 6.732922791349320313e-02 9.970046961003570241e-01 -3.805799551221639848e-02 -1.606411894494242376e-01 4.028021387764383343e-01 7.735560810280415513e-03 9.152543898261714661e-01 5.928440184110828959e+00
9.032385717518914836e-01 -7.983691134180923021e-02 -4.216469495763061071e-01 -1.838041732589657640e+00 6.859435399393409849e-02 9.967688607493621067e-01 -4.179297597173590312e-02 -1.752737751107985020e-01 4.236211716849839770e-01 8.826427806272222135e-03 9.057964435083757371e-01 6.294852720899265286e+00
8.932647177340165001e-01 -8.390002050250057464e-02 -4.416321213535633894e-01 -2.026072719621345719e+00 7.015908775380233497e-02 9.964095853834499250e-01 -4.738819010614595678e-02 -2.013708142517001976e-01 4.440223490513993121e-01 1.134569150214983363e-02 8.959438759359961146e-01 6.631718050134304931e+00
8.831348455907371831e-01 -8.260938651871591043e-02 -4.617884079991907420e-01 -2.244233137052416005e+00 6.508455631538551112e-02 9.964293650733451191e-01 -5.378216199410646575e-02 -2.265584792615731036e-01 4.645824415888475389e-01 1.744160768198566025e-02 8.853580887351811812e-01 6.993134608157595800e+00
8.711521224244039852e-01 -8.617860535752751294e-02 -4.833913813609923560e-01 -2.465324794554605070e+00 6.553157085164687534e-02 9.960761280941785589e-01 -5.948075539723519239e-02 -2.611046557849633354e-01 4.866205840458993626e-01 2.013938975097492520e-02 8.733812524684086975e-01 7.362718576794726744e+00
8.580664362934269374e-01 -9.618180464949339925e-02 -5.044512378427328247e-01 -2.698236753562305079e+00 7.178116968221984195e-02 9.951244264881764501e-01 -6.763755972557630725e-02 -2.916568333832126325e-01 5.084972513059936583e-01 2.182741993331403091e-02 8.607869127451369673e-01 7.742708068783101361e+00
8.450101119477362310e-01 -1.050860652842319637e-01 -5.243232109959969911e-01 -2.937218450991281316e+00 7.734071135217834847e-02 9.942085377849346761e-01 -7.461767728281117062e-02 -3.271456076586146122e-01 5.291278910373308220e-01 2.250116171713960334e-02 8.482436988553265778e-01 8.107330182507498151e+00
8.317829166570721577e-01 -1.105318552415378436e-01 -5.439851914660163157e-01 -3.198759655645299738e+00 7.910223032915215946e-02 9.935757769576560872e-01 -8.093214812387178325e-02 -3.636416897230546619e-01 5.494360897451205927e-01 2.428753630680349079e-02 8.351826739496802654e-01 8.485739545796887384e+00
8.201507493623315659e-01 -1.105023103292458037e-01 -5.613750864905792115e-01 -3.491697431203799606e+00 7.553616864672065001e-02 9.934959569172617799e-01 -8.520604917040172643e-02 -4.092951260686714665e-01 5.671393440298250210e-01 2.747768187008885546e-02 8.231633747030211445e-01 8.867205567785131137e+00
8.100276459731048373e-01 -1.074056115511909937e-01 -5.764713760166979561e-01 -3.803048996414437166e+00 6.877404537305585597e-02 9.936987456003570918e-01 -8.850386248804112399e-02 -4.571026814712308428e-01 5.823446946974748517e-01 3.204430682027498839e-02 8.123101741072268345e-01 9.269687708874856824e+00
8.011073925720439970e-01 -1.049654221512342500e-01 -5.892446060160706489e-01 -4.122251484934925436e+00 6.310333145049042136e-02 9.938272128655569748e-01 -9.124385199962178894e-02 -5.139433070135702719e-01 5.951847739368593126e-01 3.591282668480072493e-02 8.027859949907181214e-01 9.671766988491489414e+00
7.922576341460215721e-01 -1.062900589531316636e-01 -6.008579403695090138e-01 -4.459035395292042736e+00 6.222460450076278821e-02 9.936514068309911796e-01 -9.372822572478371750e-02 -5.682874016233490089e-01 6.070057163915937304e-01 3.686875466478579944e-02 7.938417696225086306e-01 1.009831526199310758e+01
7.832910821475245200e-01 -1.100163306083293685e-01 -6.118426984345231023e-01 -4.801251811228938848e+00 6.477296458056421014e-02 9.933021162202636534e-01 -9.568369229806748810e-02 -6.253708341333229503e-01 6.182714158746178690e-01 3.531731744944782703e-02 7.851707733993734672e-01 1.052907689292456084e+01
7.732939495957005249e-01 -1.142578625214379778e-01 -6.236678670339803610e-01 -5.155104757355549516e+00 6.804449873547006866e-02 9.929033832267329940e-01 -9.753367504993661063e-02 -6.891162062544762268e-01 6.303859244229050862e-01 3.298503340820210100e-02 7.755807977641911988e-01 1.098335988587830947e+01
7.643375248576446124e-01 -1.141990227472210601e-01 -6.346232987356115185e-01 -5.555841271240863577e+00 6.700786622083723665e-02 9.929307630833501541e-01 -9.797165706083957315e-02 -7.559992959497841003e-01 6.413252637772969278e-01 3.235866076178180867e-02 7.665864746489363668e-01 1.142623755993488111e+01
7.554525910392844157e-01 -1.150698828286102621e-01 -6.450196157930715435e-01 -5.954414935672165399e+00 6.462297163885005746e-02 9.927430136511702363e-01 -1.014158783591472546e-01 -8.175547293907010626e-01 6.520086304862808824e-01 3.493180374104505603e-02 7.574064396734433435e-01 1.186900443201326105e+01
7.452396791527878817e-01 -1.178682801751757409e-01 -6.562963424740351215e-01 -6.374546113413803283e+00 6.336810067939188662e-02 9.923170962064102874e-01 -1.062603613430945643e-01 -8.887058727569442373e-01 6.637788068570249500e-01 3.760118488857577823e-02 7.469831634397385844e-01 1.233326490617299598e+01
7.352106798747024552e-01 -1.219694849970342915e-01 -6.667748502513691777e-01 -6.819912879311320175e+00 6.561224219262000446e-02 9.918641282921316638e-01 -1.090898009978359812e-01 -9.641618995876015674e-01 6.746556824578252565e-01 3.645539379637422611e-02 7.372317914947218442e-01 1.281638323409079838e+01
7.252858390727341398e-01 -1.243862935335916103e-01 -6.771177900642806335e-01 -7.294944325227350035e+00 6.580311648210636355e-02 9.915647568862674399e-01 -1.116659427145109407e-01 -1.038562581227991499e+00 6.852958496166468016e-01 3.643326614583562717e-02 7.273528824553765482e-01 1.332042033445438456e+01
7.165004082186632317e-01 -1.247111531823960062e-01 -6.863485217397979898e-01 -7.796843063425599851e+00 6.387438704523260014e-02 9.914855152944334060e-01 -1.134748238197724052e-01 -1.120838674487904196e+00 6.946561938844886264e-01 3.746466646387670157e-02 7.183656249185829124e-01 1.384980423875851940e+01
7.099336791531851709e-01 -1.287261176179393396e-01 -6.924043311873742113e-01 -8.292837182244431560e+00 6.653945382092064931e-02 9.910158620724615064e-01 -1.160175081873004582e-01 -1.211113741610331473e+00 7.011181585790199344e-01 3.629253041314723510e-02 7.121209026190532532e-01 1.434909461963579957e+01
7.062494832213939144e-01 -1.313355129821515699e-01 -6.956742416384477101e-01 -8.844620297325173297e+00 6.462709764144437818e-02 9.904992978587615626e-01 -1.213856630403457454e-01 -1.312134606275745741e+00 7.050070962053907042e-01 4.076915465172469000e-02 7.080274502651905388e-01 1.489507528018608795e+01
7.057201289397648791e-01 -1.330322546389133276e-01 -6.958890133023577507e-01 -9.379813425193283649e+00 6.168929803919751681e-02 9.900209428998790750e-01 -1.267002885832008707e-01 -1.407492211281472505e+00 7.057999221568903581e-01 4.648603925182970276e-02 7.068843738816166233e-01 1.541983970693895145e+01
7.066909076345697649e-01 -1.328217604441929434e-01 -6.949434085011049200e-01 -9.918617418923785678e+00 5.811896798319594881e-02 9.897993171770435028e-01 -1.300749679086163901e-01 -1.499630948026731359e+00 7.051312974384247312e-01 5.153340342306885619e-02 7.072016414746500335e-01 1.595290106623815518e+01
7.090272005578422965e-01 -1.341163951713197633e-01 -6.923100616164405974e-01 -1.046415235970655999e+01 5.828846729891921929e-02 9.895345089759706170e-01 -1.319996595663356920e-01 -1.604590662530023915e+00 7.027680153856263878e-01 5.323765670966455754e-02 7.094243218688039976e-01 1.650780295021099420e+01
7.120160643584355631e-01 -1.339664977905694887e-01 -6.892648994147703156e-01 -1.103913404752142924e+01 5.790284994686990122e-02 9.894896740876284458e-01 -1.325045087609854344e-01 -1.716866919947257486e+00 6.997716656621316700e-01 5.443493679328686996e-02 7.122895854866594378e-01 1.709590484177816805e+01
7.159356925884706735e-01 -1.301935788191767029e-01 -6.859196134476120976e-01 -1.161221363262770723e+01 5.256745747270361035e-02 9.897223220398044807e-01 -1.329901788516503203e-01 -1.824576880871209283e+00 6.961844198865139166e-01 5.915536569402021772e-02 7.154214815176332953e-01 1.767814071362777995e+01
7.202766747941109493e-01 -1.262595515094775411e-01 -6.820997268729580565e-01 -1.221173727320130986e+01 4.790064116829016727e-02 9.900018644406304302e-01 -1.326719148114737790e-01 -1.940559266685619288e+00 6.920310978006729563e-01 6.288747138104561207e-02 7.191231644301927517e-01 1.828743906238220518e+01
7.252225542784376255e-01 -1.217835467687195944e-01 -6.776584792521154199e-01 -1.279237317798476248e+01 4.366125483632651155e-02 9.903862026656597983e-01 -1.312587688332209346e-01 -2.061510105233307133e+00 6.871287663836926907e-01 6.560440005004737618e-02 7.235676340896532999e-01 1.888526646087446892e+01
7.301897467295919153e-01 -1.193242583578713739e-01 -6.727441230797326366e-01 -1.336564548851080225e+01 4.180355972567229017e-02 9.905893707168208495e-01 -1.303271307791117051e-01 -2.176663798047249188e+00 6.819643657591177854e-01 6.704043548633535632e-02 7.283063804777265560e-01 1.951154752479851240e+01
7.344380198790670944e-01 -1.182726333833446636e-01 -6.682906397284673616e-01 -1.394839198216938136e+01 4.057820646488929234e-02 9.905888689353631316e-01 -1.307176418906467186e-01 -2.290007593812827036e+00 6.774615886647796792e-01 6.888597051597288023e-02 7.323254187517087566e-01 2.013933035081763023e+01
7.382680998115231930e-01 -1.169135869054949567e-01 -6.642976938072073789e-01 -1.454112030881725204e+01 4.050503416667596696e-02 9.907705780181355060e-01 -1.293561128851923314e-01 -2.419966469662869990e+00 6.732900972150402952e-01 6.859209087425086060e-02 7.361899008147695378e-01 2.079784469405991132e+01
7.416500086450279472e-01 -1.169130900022534031e-01 -6.605199422144309995e-01 -1.513182486854677755e+01 4.252192397791617479e-02 9.909076708371790110e-01 -1.276474592667393992e-01 -2.537432627178774158e+00 6.694379363750203593e-01 6.658316049995349761e-02 7.398780521679177991e-01 2.145462074684150622e+01
7.434711093627831557e-01 -1.167266499222713305e-01 -6.585025426988087016e-01 -1.573961517947700628e+01 4.205205706979280728e-02 9.908612230129812959e-01 -1.281626358398519350e-01 -2.655469782928310707e+00 6.674446299424926510e-01 6.759383054053912099e-02 7.415852884421227920e-01 2.213087866728351116e+01
7.460280217244319445e-01 -1.185260920177604455e-01 -6.552814329072116362e-01 -1.635690628602086250e+01 4.100494793752424566e-02 9.903414679747071236e-01 -1.324476162652378497e-01 -2.788952091949275847e+00 6.646508745548833641e-01 7.193985210368555872e-02 7.436826424172674477e-01 2.281030477928991473e+01
7.480122068815783232e-01 -1.163232402591341530e-01 -6.534115411681732377e-01 -1.698918157582870947e+01 3.489140428200137450e-02 9.900515425971800898e-01 -1.363104284644969522e-01 -2.900014166438635854e+00 6.627671750044510368e-01 7.916341817127751923e-02 7.446293205079017596e-01 2.348216457319040273e+01
7.502474398585257109e-01 -1.132877356469008667e-01 -6.513790508895158649e-01 -1.761884412233878194e+01 3.245314141470499736e-02 9.903331183063693866e-01 -1.348595877121840925e-01 -3.041288413640830246e+00 6.603601839890446135e-01 8.003876396834855300e-02 7.466714295219649689e-01 2.419062858704199215e+01
7.517717863217148189e-01 -1.144955044773431213e-01 -6.494073919698922781e-01 -1.828421544441290791e+01 3.517597819382674990e-02 9.903717794887908488e-01 -1.338894654194780487e-01 -3.181222957625161385e+00 6.584844962858010797e-01 7.781078232921757876e-02 7.485610531576902815e-01 2.495822633800893087e+01
7.534706803465901492e-01 -1.107697487246588341e-01 -6.480833253722264597e-01 -1.892086908335175721e+01 3.210409691837851770e-02 9.907284108097597075e-01 -1.320096321312335397e-01 -3.327908184889123877e+00 6.566972367987410353e-01 7.865925744528856622e-02 7.500409724802069578e-01 2.568204287331310809e+01
7.540688855324869655e-01 -1.160658639949542770e-01 -6.464586847486065713e-01 -1.956464768423593270e+01 3.778377691322434145e-02 9.902978326496501005e-01 -1.337257972553449192e-01 -3.467374870275953924e+00 6.557076346009435008e-01 7.641281217512342627e-02 7.511381897237853211e-01 2.643798516811722976e+01
7.548828514500589559e-01 -1.199090314192106932e-01 -6.448051680707400646e-01 -2.022440144532923156e+01 4.260450609837777153e-02 9.900338382327263931e-01 -1.342306046112047013e-01 -3.610383440096573970e+00 6.544743972431168455e-01 7.385677584543624830e-02 7.524682318975175477e-01 2.719189737886835090e+01
7.553111290616768558e-01 -1.210728494956045120e-01 -6.440857578231257152e-01 -2.090164526811744139e+01 4.353632749555955139e-02 9.898858682801241482e-01 -1.350205760893674889e-01 -3.757420457559634830e+00 6.539187155172835331e-01 7.394141528480489833e-02 7.529428800393203058e-01 2.796657109894953663e+01
7.557387600110391235e-01 -1.169026566232051895e-01 -6.443544796859991264e-01 -2.158028427917395220e+01 3.995770698116438147e-02 9.903360337837601168e-01 -1.328078380302128436e-01 -3.897833987938665867e+00 6.536530488491461011e-01 7.462110334140611978e-02 7.531064882646592018e-01 2.875273791426275594e+01
7.563366891362672817e-01 -1.137243733962672310e-01 -6.442216851069330064e-01 -2.226197837454794382e+01 3.927268737593329201e-02 9.908907587593704935e-01 -1.288144410831026654e-01 -4.039814219833533393e+00 6.530026559614143800e-01 7.212677104173105536e-02 7.539132975392015545e-01 2.953045325652218267e+01
7.563167116649169852e-01 -1.094429684723901980e-01 -6.449862543561054595e-01 -2.293384110977650892e+01 3.585465406562373530e-02 9.913600721537983995e-01 -1.261730998313461971e-01 -4.182634819571143581e+00 6.532223782435818693e-01 7.230106493799241807e-02 7.537062296217481583e-01 3.031002442997056079e+01
7.558026326283338037e-01 -1.088196481944112420e-01 -6.456939404074697464e-01 -2.359116691043838898e+01 3.532145475361480463e-02 9.914338681655845420e-01 -1.257429118810099444e-01 -4.322076238368605772e+00 6.538461404230877516e-01 7.222997453323413974e-02 7.531719959164443479e-01 3.107272134450894541e+01
7.542391929788302418e-01 -1.110155103981967095e-01 -6.471466574322017884e-01 -2.425680054518215911e+01 3.827134424530204138e-02 9.913603011908872498e-01 -1.254593855890087650e-01 -4.475745961112196802e+00 6.554834429520707273e-01 6.985921323448941733e-02 7.519715063364820207e-01 3.183923710286791575e+01
7.523778596393018159e-01 -1.099686207389366094e-01 -6.494878434407834744e-01 -2.496076882843417977e+01 3.692859771709778444e-02 9.914577942336195715e-01 -1.250908506808352250e-01 -4.631738989354190927e+00 6.576958529557805910e-01 7.013091120313615090e-02 7.500118801049662220e-01 3.261554918716272766e+01
7.489070244928462960e-01 -1.085577873251269421e-01 -6.537227818244859545e-01 -2.562306538577050219e+01 3.864927170458915678e-02 9.919667317477181001e-01 -1.204501428079514658e-01 -4.767100850538297685e+00 6.615470523416878690e-01 6.494004863582686360e-02 7.470865328870549549e-01 3.337288604978007100e+01
7.463258838057312827e-01 -1.087798798779092552e-01 -6.566312609793585331e-01 -2.630537186398770899e+01 3.901225956767506720e-02 9.920072950535809841e-01 -1.199982090028934995e-01 -4.900608659771521936e+00 6.644363918126536817e-01 6.394110019561276281e-02 7.446044701321342663e-01 3.412222252920901866e+01
7.454525775179622338e-01 -1.060318732708634415e-01 -6.580711941139034682e-01 -2.696895933335943596e+01 3.400100553650233642e-02 9.920302920144565828e-01 -1.213253120672639768e-01 -5.039991480893996290e+00 6.656909089767811816e-01 6.806718428423345901e-02 7.431167284682017593e-01 3.485170351378703657e+01
7.448049549210871145e-01 -1.043664242713921303e-01 -6.590699724686309713e-01 -2.761444308880304632e+01 3.174806639116867224e-02 9.921168739582035823e-01 -1.212277554350663922e-01 -5.178649232908821176e+00 6.665265481625014532e-01 6.936683567963931873e-02 7.422469957516666383e-01 3.555942591517320750e+01
7.441625127762508951e-01 -1.007773677797135642e-01 -6.603529940281404054e-01 -2.825881145947994000e+01 2.950289751042935865e-02 9.925482322273374569e-01 -1.182268401881596265e-01 -5.309127616559197627e+00 6.673467866237352553e-01 6.849765576849964344e-02 7.415904108988969901e-01 3.627354248604262921e+01
7.431021941479768467e-01 -1.024578422190371568e-01 -6.612877736812333707e-01 -2.888116362131571790e+01 3.406742243814542964e-02 9.927200007026424355e-01 -1.155266676285898186e-01 -5.445897316101494745e+00 6.683102122374633414e-01 6.331975025822977887e-02 7.411828852896915620e-01 3.698444902903710130e+01
7.439218836284703373e-01 -1.012453772472610841e-01 -6.605524995371141461e-01 -2.952774733278395658e+01 3.361621319875232605e-02 9.928747511952861204e-01 -1.143226952493459070e-01 -5.575257989869381703e+00 6.674205430377795345e-01 6.284188113796852770e-02 7.420247413032781125e-01 3.770212991041279338e+01
7.449723387590491130e-01 -1.001518939064656999e-01 -6.595345424091306752e-01 -3.015903528983703552e+01 3.327481330495736522e-02 9.930141646773770203e-01 -1.132062522549507622e-01 -5.696123532787163768e+00 6.662649632716647341e-01 6.238963773768314847e-02 7.431006202524446103e-01 3.839920662967575282e+01
7.454286085673437201e-01 -1.008353879848025020e-01 -6.589145726566602024e-01 -3.074720202997393770e+01 3.578320677734465882e-02 9.931201833436159587e-01 -1.114982670191451419e-01 -5.819247973972288435e+00 6.656243322190705802e-01 5.953592163977245583e-02 7.439084099487108803e-01 3.905699449047365590e+01
7.452547735146259900e-01 -1.037495032232049058e-01 -6.586587607666071209e-01 -3.133532906512374794e+01 3.900572662164526055e-02 9.929123363397359681e-01 -1.122659593780972187e-01 -5.937334320358385931e+00 6.656379465177604260e-01 5.797527857031203880e-02 7.440194830986039953e-01 3.971060098691467743e+01
7.452350861058464337e-01 -1.034286077560321038e-01 -6.587315003356538634e-01 -3.189875501046129358e+01 3.943699541321382673e-02 9.930043163449815413e-01 -1.112975790977238089e-01 -6.060570314613073606e+00 6.656345767984036543e-01 5.696446978498772434e-02 7.441005707244990885e-01 4.032892648022446025e+01
7.445975412858614195e-01 -1.017317614590687591e-01 -6.597159617755857797e-01 -3.242105645896626953e+01 3.849463088209829909e-02 9.932177167611803137e-01 -1.097120344582069584e-01 -6.176102762086088660e+00 6.664027797843441459e-01 5.629578867147085747e-02 7.434635964682843046e-01 4.091672007781996712e+01
7.432384168772573352e-01 -1.019344282963724896e-01 -6.612155684840467229e-01 -3.292398605412816437e+01 4.053986995125863357e-02 9.933704845592746802e-01 -1.075713686387180096e-01 -6.283672933449416576e+00 6.677972556263790382e-01 5.314558057226972249e-02 7.424435147831199844e-01 4.149006977118535389e+01
7.427872695865059827e-01 -1.028602738177525067e-01 -6.615790475902041390e-01 -3.342127898834925048e+01 4.137593547260181442e-02 9.932917670779534136e-01 -1.079791527051588845e-01 -6.379245432666913018e+00 6.682477864564840830e-01 5.283208802701158668e-02 7.420604196227659211e-01 4.203190267811920222e+01
7.423147689130391580e-01 -1.038885849022760793e-01 -6.619485975365346775e-01 -3.387952445930535106e+01 4.023287335555629507e-02 9.930355000304788016e-01 -1.107330645325639573e-01 -6.467503568047146878e+00 6.688423579253466311e-01 5.556669511694724284e-02 7.413246540070301815e-01 4.253618693264220951e+01
7.420189773718911530e-01 -1.026402854061541914e-01 -6.624747610526137143e-01 -3.432254965950523484e+01 3.742090165806129937e-02 9.930103948606472386e-01 -1.119376246746350556e-01 -6.553928537485814054e+00 6.693336338023595511e-01 5.826943890621362476e-02 7.406734497404939832e-01 4.302172884953181153e+01
7.415500876431239119e-01 -1.001089802498397324e-01 -6.633865084472354567e-01 -3.476217063332777002e+01 3.318674527871593588e-02 9.930675615199704431e-01 -1.127628404865085032e-01 -6.651539808813916821e+00 6.700761952601221871e-01 6.160365516848271411e-02 7.397316285083405107e-01 4.348853407431454343e+01
7.407643917091307761e-01 -1.029611974417592168e-01 -6.638276190376248831e-01 -3.518887242358524503e+01 3.417205586935796041e-02 9.926805333763758510e-01 -1.158344907756576614e-01 -6.731900808540085102e+00 6.708952128115561742e-01 6.312171161299025279e-02 7.388607872594020742e-01 4.395192927804183824e+01
7.395723839311167946e-01 -1.036181586258511367e-01 -6.650533558515693278e-01 -3.557990917519543927e+01 3.477677418833598905e-02 9.926420305496690411e-01 -1.159843746514324508e-01 -6.821230112120463041e+00 6.721780009071246509e-01 6.265043008007448178e-02 7.377341382281853432e-01 4.439293821973335241e+01
7.395876020343409296e-01 -1.015078162292994551e-01 -6.653618129720501040e-01 -3.598779738825751906e+01 3.382477960808973755e-02 9.929183377918883169e-01 -1.138817753683984413e-01 -6.900801652342892112e+00 6.722098356923659201e-01 6.171983247670854295e-02 7.377835719758806254e-01 4.483164155101327708e+01
7.395019734123486899e-01 -9.756768528352079139e-02 -6.660460780664194669e-01 -3.639903783732208353e+01 2.958359413389346354e-02 9.931948303863858962e-01 -1.126447506627803186e-01 -6.979643598870557852e+00 6.725040091162007849e-01 6.359697856167942365e-02 7.373559398556861488e-01 4.526779660161141550e+01
7.390210764033546820e-01 -9.577353805263745523e-02 -6.668397693902996526e-01 -3.679262089890359988e+01 2.784331656995767471e-02 9.933395414733461326e-01 -1.118092351637749726e-01 -7.061916330455588309e+00 6.731066768009451584e-01 6.406235052199699131e-02 7.367655101126712180e-01 4.569281608587022703e+01
7.388089581227352820e-01 -9.567905979184927745e-02 -6.670883306691454129e-01 -3.717777815915973605e+01 2.747594798908027658e-02 9.933237308364697427e-01 -1.120403411241615715e-01 -7.132801039620491501e+00 6.733545839152650370e-01 6.444752341606971302e-02 7.365053435283652750e-01 4.611135254525166260e+01
7.400902393688090219e-01 -9.396102287096823324e-02 -6.659112281468615446e-01 -3.756838198800826234e+01 2.573587511817312240e-02 9.934231933584444230e-01 -1.115707113422378938e-01 -7.200988444746867501e+00 6.720149569190559946e-01 6.543458625644807403e-02 7.376409781177606373e-01 4.651905719675568918e+01
7.409058951763870526e-01 -9.262379333962124373e-02 -6.651911660569891360e-01 -3.794187569793524517e+01 2.461889710838841006e-02 9.935242482629336180e-01 -1.109210440752326360e-01 -7.270921914751373727e+00 6.711574810713526462e-01 6.580578257989365409e-02 7.383882681767124367e-01 4.693078173883439064e+01
7.415341452971703218e-01 -8.895516836819185313e-02 -6.649917964749511023e-01 -3.830615497076477993e+01 2.320172731514493283e-02 9.939784673584426411e-01 -1.070910186586882251e-01 -7.342936020494509108e+00 6.705138262616129330e-01 6.398268866145337408e-02 7.391328867961856064e-01 4.733696378395247706e+01
7.422271918773830635e-01 -8.539689346772348644e-02 -6.646850127871681835e-01 -3.867125582493473246e+01 2.330750495979290113e-02 9.945370478172820272e-01 -1.017488119411484593e-01 -7.407656209343857157e+00 6.697429027995470685e-01 6.002858573170147261e-02 7.401628287374936166e-01 4.773160939303927819e+01
7.422912846116261898e-01 -8.418483327062885324e-02 -6.647680517570165870e-01 -3.901862062522749142e+01 2.593926541936332486e-02 9.949430621360376703e-01 -9.703328097549376863e-02 -7.474111179010422212e+00 6.695750916059569624e-01 5.478336384854166213e-02 7.407212564428758972e-01 4.812950506997226796e+01
7.428735086096859286e-01 -7.821355710547701900e-02 -6.648470423269132734e-01 -3.937792371267228475e+01 1.903984287756079266e-02 9.952180560154764155e-01 -9.580451640697507099e-02 -7.532376422619988077e+00 6.691609930271884554e-01 5.851205402038817116e-02 7.408103029421110319e-01 4.850785296105422617e+01
7.434284484267322801e-01 -7.383867293128526521e-02 -6.647270059577611301e-01 -3.972651430520811999e+01 1.399355718230892165e-02 9.953866975050708055e-01 -9.491840067834363126e-02 -7.594476084919565828e+00 6.686690679455774555e-01 6.126314397495277037e-02 7.410320538027332926e-01 4.888218192012028851e+01
7.437082313333728267e-01 -7.425170874665538989e-02 -6.643679329973637415e-01 -4.007712515828534094e+01 1.318962945004467820e-02 9.952487735169202043e-01 -9.646715756171728162e-02 -7.654888649867022110e+00 6.683742217664871976e-01 6.298065227725502258e-02 7.411540576133778258e-01 4.925966148343053419e+01
7.425761931997291176e-01 -8.113149405331784858e-02 -6.648295104503681996e-01 -4.041677733491992086e+01 1.843667152266247056e-02 9.947360257288146990e-01 -1.007984536608031029e-01 -7.710727484196686632e+00 6.695077941563969404e-01 6.259328869711235088e-02 7.401630859303344190e-01 4.964688789486366716e+01
7.419958326424266337e-01 -8.644099172182909130e-02 -6.648083477901132188e-01 -4.076764492198341117e+01 2.479356366696363473e-02 9.945124217144525325e-01 -1.016381929018226743e-01 -7.766142736456951745e+00 6.699458661279765748e-01 5.893214747319622249e-02 7.400672526549413321e-01 5.004787678804999729e+01
7.447149313653087521e-01 -8.271932627613963473e-02 -6.622365016079878597e-01 -4.114491205423461651e+01 2.171288863234347929e-02 9.947667453030570872e-01 -9.983823369032089612e-02 -7.820142276934155312e+00 6.670294007529228297e-01 5.997195594263379087e-02 7.426137239720334016e-01 5.043500457676471171e+01
7.474129739374926196e-01 -7.593877774571619610e-02 -6.600054154508135928e-01 -4.151075730798621066e+01 1.545886439003680765e-02 9.951647753573701349e-01 -9.699532668993077200e-02 -7.876117401059140377e+00 6.641798475576353722e-01 6.229263136521558109e-02 7.449729915748043441e-01 5.083408819100704079e+01
7.508022333387589509e-01 -7.083130620637817509e-02 -6.567183052684243405e-01 -4.189522892411131494e+01 1.380514413740692101e-02 9.956992949555979466e-01 -9.160967208909459591e-02 -7.934065865160870423e+00 6.603827862754129141e-01 5.971465553801919707e-02 7.485510907781098844e-01 5.124475108328717710e+01
7.552825698015458444e-01 -6.935153952078160211e-02 -6.517197278892759016e-01 -4.226824893157133545e+01 1.774509277871170326e-02 9.961850886672970473e-01 -8.544226588290682045e-02 -7.998208990558391740e+00 6.551590275927275941e-01 5.296822710859665911e-02 7.536318832697590508e-01 5.167145951494069323e+01
7.589994668236258457e-01 -7.035836224686164986e-02 -6.472785414513543278e-01 -4.261540178235957654e+01 2.167322400819261807e-02 9.963234107942450235e-01 -8.288505573632568013e-02 -8.052671798268040249e+00 6.507304209290841746e-01 4.888110028694610948e-02 7.577338301225534645e-01 5.209940888031819384e+01
7.618437826423467563e-01 -7.481500764629263334e-02 -6.434258041764314706e-01 -4.297788198465877940e+01 2.775359127194095346e-02 9.961656108009684374e-01 -8.296875332945904957e-02 -8.105673902766243444e+00 6.471659671372649303e-01 4.535185209470208451e-02 7.609989622140552745e-01 5.253948351190042843e+01
7.646830309012514482e-01 -7.843875231635685785e-02 -6.396149031931094298e-01 -4.333172576589174696e+01 3.255263787674957110e-02 9.959988917430836475e-01 -8.322579776616978453e-02 -8.164540037792171745e+00 6.435838624600074276e-01 4.282020296079157989e-02 7.641768396120462992e-01 5.298498264649425948e+01
7.682231601568694224e-01 -7.736595897819661949e-02 -6.354901136839020692e-01 -4.370789686075327296e+01 3.298395979322126664e-02 9.961357036054041547e-01 -8.139851595039468424e-02 -8.220496026955673941e+00 6.393318657746952516e-01 4.157124479675190082e-02 7.678063538491303186e-01 5.344419730039227545e+01
7.714737198454671985e-01 -7.701146577946249572e-02 -6.315833545354865297e-01 -4.407491580128468200e+01 3.307044258310596480e-02 9.961595913891929666e-01 -8.107042808986923699e-02 -8.271649094773936284e+00 6.354011688808542946e-01 4.165696366534440975e-02 7.710577487860612589e-01 5.389919762454348984e+01
7.749932658814835396e-01 -7.628258684890003305e-02 -6.273487106721380435e-01 -4.446923698812063463e+01 3.121036019964688879e-02 9.960968525285328612e-01 -8.256496714078995214e-02 -8.327317926379476987e+00 6.311983454149424633e-01 4.440751430097648889e-02 7.743491598878685656e-01 5.436835745834101630e+01
7.774809256168554450e-01 -7.891208706654802285e-02 -6.239361287958574698e-01 -4.484668578847480092e+01 3.435782091158212648e-02 9.959446880687597980e-01 -8.314877299052383930e-02 -8.389084547492094757e+00 6.279673163821234416e-01 4.320949921514415787e-02 7.770392452980806608e-01 5.484362135739216626e+01
7.790641841594129202e-01 -8.298957713709828599e-02 -6.214271695433308818e-01 -4.522774788233582655e+01 3.913357469065525257e-02 9.957043999518097044e-01 -8.391252140496591183e-02 -8.451616520856740422e+00 6.257216316317985028e-01 4.105457347499241738e-02 7.789653148278341543e-01 5.533578422560755428e+01
7.803015959512303867e-01 -8.464382908531310756e-02 -6.196489663944746429e-01 -4.561247030787907875e+01 4.169907513273114763e-02 9.956355023118765857e-01 -8.349331511715940568e-02 -8.505131784186502841e+00 6.240117038077399592e-01 3.931117823157588564e-02 7.804255408282119166e-01 5.582513048213684215e+01
7.813795201804948354e-01 -8.321359297582185677e-02 -6.184832603931618156e-01 -4.600780801293198863e+01 4.241167549838715384e-02 9.958595336166352618e-01 -8.040546676861312636e-02 -8.565085666209196091e+00 6.226132790295435537e-01 3.659627370256818973e-02 7.816734724468823448e-01 5.633633568691004001e+01
7.824949718807051591e-01 -8.049766899665627973e-02 -6.174315705141104615e-01 -4.641711068013567143e+01 4.246755505330659236e-02 9.961985685024602466e-01 -7.605865421794336112e-02 -8.623829569575077514e+00 6.212069910659488992e-01 3.329470528109612637e-02 7.829389100377087685e-01 5.684851162495812105e+01
7.826851547255927466e-01 -7.999019103169724421e-02 -6.172564442036140298e-01 -4.682999171405581507e+01 4.390100462822546512e-02 9.963323328234872100e-01 -7.344783429851192702e-02 -8.680787954420702945e+00 6.208676593001190014e-01 3.038835153840544617e-02 7.833261758207561432e-01 5.736923605995909270e+01
7.825768036271810724e-01 -7.991420454271928875e-02 -6.174036494360642946e-01 -4.724787079665996714e+01 4.490161952435643700e-02 9.963894793905895275e-01 -7.205449273876597671e-02 -8.736859889459294592e+00 6.209326783063970900e-01 2.866575085455390706e-02 7.833395711562065600e-01 5.789855315720984663e+01
7.818790738840034615e-01 -8.009011144962401019e-02 -6.182642540777215645e-01 -4.766501578759829982e+01 4.497559284564404958e-02 9.963761115526124090e-01 -7.219307706061338370e-02 -8.793971663086947999e+00 6.218056849776119055e-01 2.863945487057326100e-02 7.826477315844210247e-01 5.842144530698810456e+01
7.801737572994299486e-01 -8.082802928280222177e-02 -6.203190615349091219e-01 -4.812083546123145794e+01 4.548471983202608676e-02 9.963223014422150081e-01 -7.261550737060765148e-02 -8.853167792773064093e+00 6.239070833730722132e-01 2.843767450315052431e-02 7.809809536638904204e-01 5.896597652469297657e+01
7.776830754800225787e-01 -8.350396154524390713e-02 -6.230859671972927005e-01 -4.854427105149510879e+01 4.777173131637448000e-02 9.961228393667828085e-01 -7.387252925746783105e-02 -8.916168680231074006e+00 6.268388116565303259e-01 2.768352033448293406e-02 7.786570020894436617e-01 5.949066196394495165e+01
7.739735851596902805e-01 -8.438282224577574320e-02 -6.275702580467745761e-01 -4.898457880975291800e+01 4.906501324973183004e-02 9.960932074855887164e-01 -7.342306501281666009e-02 -8.973188606692417579e+00 6.313141167040862145e-01 2.603576983517990814e-02 7.750900752423744988e-01 6.003012945214626228e+01
7.697191188312673127e-01 -8.394368407922554731e-02 -6.328395815756362452e-01 -4.941265034376989007e+01 4.970938328812691404e-02 9.961882683293421525e-01 -7.167922471749631208e-02 -9.024544820006283885e+00 6.364443850948273695e-01 2.371480436761828903e-02 7.709579448550184511e-01 6.055757725881386477e+01
7.658533768441543321e-01 -7.855423238349137915e-02 -6.381989014022573237e-01 -4.986960385087203917e+01 4.696706455390978197e-02 9.966924918906659991e-01 -6.631871120554339027e-02 -9.083360199546605784e+00 6.412976688119147450e-01 2.081607992432333784e-02 7.670097722930190320e-01 6.108183378444469014e+01
7.609915823166134574e-01 -7.459525820319977407e-02 -6.444589661854793761e-01 -5.031981573314850920e+01 4.511797846996420253e-02 9.970477195292001271e-01 -6.213061242580860538e-02 -9.150946181153708281e+00 6.471909916416037634e-01 1.820418729908429567e-02 7.621105089832697077e-01 6.160154118827985315e+01
7.540601728461843178e-01 -7.691556100914079264e-02 -6.522861735479557055e-01 -5.076521601991644417e+01 4.810792923325047515e-02 9.969198100699172560e-01 -6.193964348500273498e-02 -9.201663563647818123e+00 6.550411306720158588e-01 1.532608119545920793e-02 7.554377726610698174e-01 6.213366029217113606e+01
7.459972423220148086e-01 -7.935780353303370505e-02 -6.612037911766411868e-01 -5.121300279250764476e+01 4.998654011154818333e-02 9.967461857696612304e-01 -6.323279972695484974e-02 -9.259919291268982278e+00 6.640703729693315793e-01 1.412020439104947657e-02 7.475367279086216898e-01 6.264545443251849832e+01
7.378466981492159960e-01 -8.181436743076672680e-02 -6.699915367467002003e-01 -5.169823258847240766e+01 4.960969482833589572e-02 9.965153173516407836e-01 -6.705296758979946425e-02 -9.320174541596957241e+00 6.731427249917659728e-01 1.623673506166815189e-02 7.393343223638394468e-01 6.314182396823535015e+01
7.274655864779637771e-01 -8.093087164227862063e-02 -6.813545439090392675e-01 -5.215091965234109495e+01 4.688540247115680071e-02 9.965616640948569138e-01 -6.831258077109825244e-02 -9.379582801042781526e+00 6.845404148225223695e-01 1.774946961774328397e-02 7.287587919215098298e-01 6.363304131576974498e+01
7.168306226048977159e-01 -8.061516285579607699e-02 -6.925713349638502603e-01 -5.262929270543749993e+01 4.583165585281556709e-02 9.965932639329871945e-01 -6.856621329186060598e-02 -9.433078316488190396e+00 6.957394036689776851e-01 1.740867028607622283e-02 7.180832962694554400e-01 6.411008860721786107e+01
7.058364334819327013e-01 -7.795200785154078604e-02 -7.040727332040490616e-01 -5.312640412302680204e+01 4.590975687203457251e-02 9.968711339561718843e-01 -6.434466962295630477e-02 -9.492150173052797513e+00 7.068855801283944196e-01 1.309300411861379597e-02 7.072067235608650027e-01 6.458541702292941977e+01
6.942755396596190787e-01 -7.356939536991850825e-02 -7.159392565680771092e-01 -5.362273288306675312e+01 4.378289960363882655e-02 9.972366759159010385e-01 -6.001724677542556730e-02 -9.543994228422819859e+00 7.183763169346852884e-01 1.032260980126899381e-02 6.955781127912579187e-01 6.505281135179372143e+01
6.828355899577881472e-01 -6.793118426870882465e-02 -7.274069777578792140e-01 -5.411945209051465611e+01 3.931578084112077182e-02 9.976416942816282996e-01 -5.626116962644316793e-02 -9.601527441313539413e+00 7.295134176037156859e-01 9.818555633756539947e-03 6.838960224342689465e-01 6.549433995700793787e+01
