9.999712202275004014e-01 -8.880767202331303102e-04 -7.534589336055009731e-03 2.949695885181427002e-01 8.909886001973656589e-04 9.999995296789100374e-01 3.831204419356441446e-04 1.258627884089946747e-02 7.534245552033212723e-03 -3.898226490220788737e-04 9.999715411861799241e-01 1.157103419303894043e+00
9.998704328364675931e-01 -5.633592528614283406e-04 -1.608726719388169427e-02 6.837399182027681377e-01 6.110325667064982029e-04 9.999954364818570696e-01 2.958657577767418931e-03 -4.250059353113175287e-02 1.608552699222350058e-02 -2.968104077061974478e-03 9.998662141404568438e-01 2.605149847399979457e+00
9.997250995076981672e-01 1.263728673893962972e-03 -2.341214223777544554e-02 1.106316947528152017e+00 -1.133713321043008319e-03 9.999838683128567940e-01 5.565771120046757864e-03 -1.965253432427109814e-01 2.341879818497824561e-02 -5.537698429296697769e-03 9.997104049611953425e-01 4.052846668682134279e+00
9.994992802780938712e-01 3.124108570595368270e-03 -3.148696030441248267e-02 1.632498631958451574e+00 -2.920133250476907548e-03 9.999744678909603390e-01 6.521992639540817767e-03 -4.127160325023266907e-01 3.150653178901121482e-02 -6.426780829458710910e-03 9.994828837667996124e-01 6.528704158104691402e+00
9.991899368483490029e-01 2.949488253164440910e-03 -4.013440693515739344e-02 2.131266469069529990e+00 -2.734445194268589341e-03 9.999816168356047141e-01 5.411912816138523576e-03 -5.590820576553954258e-01 4.014963151103514982e-02 -5.297783488817561434e-03 9.991796337894569557e-01 9.441736997678795262e+00
9.988804655047134329e-01 1.479499169372418222e-03 -4.728241444019960771e-02 2.410431061711242773e+00 -1.297317770363750960e-03 9.999916176511332022e-01 3.883502809654239534e-03 -5.763038353306266792e-01 4.728776374168763841e-02 -3.817814777817316301e-03 9.988740119207387691e-01 1.187267020097062087e+01
9.989483662703945166e-01 1.376461492030659753e-03 -4.582866875080070929e-02 1.104020116144339925e+00 -1.248587496971003850e-03 9.999952477690973174e-01 2.818770739892763767e-03 -5.262571084949752009e-01 4.583233089176316777e-02 -2.758585322701593776e-03 9.989453376697069453e-01 1.587035839241193003e+01
9.987401940264565292e-01 3.362939184251817048e-03 -5.006710972323796111e-02 1.020410122465986946e+00 -3.223146791121822650e-03 9.999906797718463025e-01 2.872576231094874089e-03 -5.880468790523518674e-01 5.007630338551964655e-02 -2.707583698354284942e-03 9.987417247866223757e-01 1.850081199664656850e+01
9.984551805774102284e-01 5.074957360791528330e-03 -5.533079780661939728e-02 1.042714492747415900e+00 -4.968858605073008666e-03 9.999855437317151097e-01 2.054938380826897004e-03 -6.640244794487167868e-01 5.534042665442363840e-02 -1.776832961296996973e-03 9.984659633870017759e-01 2.227203917588229842e+01
9.980906942932269432e-01 6.683100823021241414e-03 -6.140278600074464826e-02 1.140781975164436135e+00 -6.690316897830510430e-03 9.999776157005735300e-01 8.807725587387588357e-05 -5.439558762419186566e-01 6.140200017157838863e-02 3.228950072880507689e-04 9.981130647946371282e-01 2.495282621902157416e+01
9.978358111661493890e-01 8.253458386113483175e-03 -6.523476357787230673e-02 5.594888059237750344e-01 -8.255112744145061757e-03 9.999658961604529495e-01 2.441917360817873672e-04 -6.964783856310177157e-01 6.523455424829431581e-02 2.948570691197402991e-04 9.978699143632574486e-01 2.745175033209030957e+01
9.974188892737625434e-01 9.035348210919351766e-03 -7.123146637968900963e-02 5.057479018027755124e-01 -8.937884637718784137e-03 9.999586334585087721e-01 1.686887665090386389e-03 -8.113300702523350560e-01 7.124376139772631289e-02 -1.045874992166862145e-03 9.974583864038659708e-01 2.971093909152628143e+01
9.969931324652038240e-01 9.768057861243293824e-03 -7.687183400205646611e-02 3.707879915647190883e-01 -9.540250225465049527e-03 9.999489455399469540e-01 3.330156029948548330e-03 -8.727617902803370686e-01 7.690043850886568721e-02 -2.586766160226261404e-03 9.970354212353621515e-01 3.226560242469432183e+01
9.966428334474587425e-01 1.033035226949639319e-02 -8.121789433252336876e-02 -1.094784794847563081e-01 -9.977441932669908406e-03 9.999389427660696494e-01 4.749883404366718812e-03 -9.105067358987039006e-01 8.126200336135590285e-02 -3.923590430076636867e-03 9.966850516827447937e-01 3.444540275336288460e+01
9.962079545168023298e-01 8.942927777545099308e-03 -8.654325739313260824e-02 -3.703355544849460390e-01 -8.520976487695878024e-03 9.999499465041747914e-01 5.243800720281797598e-03 -9.279464558021374154e-01 8.658582053168129011e-02 -4.486482928030170042e-03 9.962342933034334935e-01 3.720021677698220941e+01
9.957330113271939398e-01 6.960582841120493448e-03 -9.201804409891459202e-02 -6.052222555730032427e-01 -6.428818961650802598e-03 9.999608872622536282e-01 6.074062268771249044e-03 -9.504264345486235221e-01 9.205672403489169320e-02 -5.456576967155363916e-03 9.957388138100095043e-01 3.964437018788279943e+01
9.951603598674588769e-01 4.981679461888641192e-03 -9.813786740197945335e-02 -6.727853972715045483e-01 -4.241155084814191185e-03 9.999609516172044410e-01 7.752924890736999364e-03 -1.053504873647459261e+00 9.817265786366413671e-02 -7.299185608946487554e-03 9.951426285399643801e-01 4.140982697540689372e+01
9.948322489453694795e-01 4.533003868121027180e-03 -1.014310028257118801e-01 -1.328613919808541599e+00 -3.857308758339448793e-03 9.999690525002740138e-01 6.856763875682135405e-03 -1.010155464033467121e+00 1.014589455269509638e-01 -6.430079131365457577e-03 9.948189465701399170e-01 4.487798713522133909e+01
9.942473767700239495e-01 4.405816013789207522e-03 -1.070174872213804362e-01 -1.591590254941441573e+00 -3.897667597108416156e-03 9.999801181127921934e-01 4.956971497641501044e-03 -1.061657105104516274e+00 1.070371990161744225e-01 -4.511337315987103483e-03 9.942447816621380330e-01 4.742726794180174466e+01
9.938693100192976804e-01 5.114833771734125442e-03 -1.104428950963003420e-01 -2.056772688598004439e+00 -4.762993171142228081e-03 9.999827079035934485e-01 3.449317301701638853e-03 -1.092960162967099746e+00 1.104586279917350589e-01 -2.902131851534980617e-03 9.938764858536994762e-01 5.004913268537873705e+01
9.933302174041021004e-01 6.525727781347669988e-03 -1.151194773652271797e-01 -2.345071259921164497e+00 -6.277179366321468737e-03 9.999771194252473627e-01 2.521437127375133948e-03 -1.137772372884816363e+00 1.151332975777308310e-01 -1.781994081927603443e-03 9.933484526015877725e-01 5.249526933697039510e+01
9.927876354175992901e-01 7.248110412600443711e-03 -1.196669371939414611e-01 -2.557380778350450523e+00 -6.855265109650986351e-03 9.999696788202209197e-01 3.694154904741514620e-03 -1.233020280461459617e+00 1.196900843938559778e-01 -2.847162733420233703e-03 9.928072206436454605e-01 5.500617586587625851e+01
9.925077834332323157e-01 8.377137324802040944e-03 -1.218939022047188375e-01 -3.315643136083872733e+00 -7.795607781590074316e-03 9.999558482545185534e-01 5.246907746640609889e-03 -1.209239237256181543e+00 1.219324744428970791e-01 -4.257359724941442436e-03 9.925292673591060710e-01 5.744363169520090651e+01
9.920754798727409174e-01 8.341818052455552898e-03 -1.253660891423625245e-01 -3.685449450324792764e+00 -7.586419853928227236e-03 9.999500854123373195e-01 6.501762657839377929e-03 -1.244850650116718027e+00 1.254140680668280050e-01 -5.499159521115713073e-03 9.920892453683234358e-01 6.000281248174469795e+01
9.916214856882873407e-01 8.433651866651398557e-03 -1.289019109150284226e-01 -3.838710389080586260e+00 -7.790710461463850808e-03 9.999545744590371266e-01 5.491252038579947682e-03 -1.264214448383033540e+00 1.289423667839993404e-01 -4.441006038917090851e-03 9.916421448856950205e-01 6.178400911321364930e+01
9.911098866922704032e-01 8.077687266750937373e-03 -1.328003895674081392e-01 -4.135685630858464634e+00 -7.463850487280455741e-03 9.999590404206294414e-01 5.119415685121444376e-03 -1.320421213173337271e+00 1.328363031582041054e-01 -4.082701247227613593e-03 9.911295818982431838e-01 6.397624276026784429e+01
9.905919181358311398e-01 6.851941140074236346e-03 -1.366773669141577718e-01 -4.422012605695641696e+00 -6.166784660130473529e-03 9.999662111801319586e-01 5.435739600739156532e-03 -1.344482003277013726e+00 1.367099941150240749e-01 -4.541739827909846948e-03 9.906007016494609019e-01 6.629543880561311653e+01
9.900768761920627492e-01 5.134608083386189153e-03 -1.404329556393247302e-01 -4.806691655734006474e+00 -4.202596385662708649e-03 9.999671390507554047e-01 6.932460044335668481e-03 -1.419823084323162288e+00 1.404639363444785405e-01 -6.273485353224390361e-03 9.900659200114585445e-01 6.880049982107786377e+01
9.895682166098421773e-01 3.497210021783224258e-03 -1.440226169658075650e-01 -5.343621371763504158e+00 -2.520105018188245529e-03 9.999725598067484844e-01 6.966254677794967570e-03 -1.480709795649185256e+00 1.440430274130388710e-01 -6.530632098207401169e-03 9.895498760032679364e-01 7.160504392050859224e+01
9.890248007105494343e-01 2.882914000858536642e-03 -1.477214689417946092e-01 -5.722468118691659278e+00 -2.168057030209463113e-03 9.999851495975139448e-01 5.000011315107483895e-03 -1.502812001679445730e+00 1.477336898211497052e-01 -4.624866625222544790e-03 9.890163636161566352e-01 7.395153866371035178e+01
9.885491343224832583e-01 2.900174424212693773e-03 -1.508714619090631703e-01 -5.894578751174281983e+00 -2.333052917364692412e-03 9.999895329409707045e-01 3.935844583280456027e-03 -1.448446695367321846e+00 1.508812973643635647e-01 -3.538784651275714895e-03 9.885455533807417927e-01 7.606147805990183031e+01
9.879924336229923831e-01 2.874558331942714783e-03 -1.544755256282144551e-01 -6.112474564257116327e+00 -2.166583905865101384e-03 9.999863657130022565e-01 4.751242182867202422e-03 -1.502843443060798645e+00 1.544870771873676774e-01 -4.359507139307045379e-03 9.879851910224187739e-01 7.803335144155413161e+01
9.875237921916971695e-01 3.484096894268152913e-03 -1.574313212933204087e-01 -6.725959804635763817e+00 -2.561888704979382609e-03 9.999783539567957957e-01 6.060391416421511898e-03 -1.585456469774499721e+00 1.574490285190499050e-01 -5.581459189879245560e-03 9.875113420775063489e-01 8.051434813870262985e+01
9.869807190524805263e-01 2.783922117194961941e-03 -1.608145204771428138e-01 -6.999198235209462382e+00 -1.599160357309934756e-03 9.999706243069753642e-01 7.496212995186614034e-03 -1.666205171124915507e+00 1.608306653123077468e-01 -7.141449486132980459e-03 9.869561777477438014e-01 8.255199843792702552e+01
9.864493218509216010e-01 1.176739732322142594e-03 -1.640620330955905315e-01 -7.308512755626129120e+00 5.466476450972426862e-06 9.999740421143613611e-01 7.205211140751683306e-03 -1.732011476485820101e+00 1.640662530503267658e-01 -7.108472484827620119e-03 9.864237092796164230e-01 8.470962919324011864e+01
9.859133092717310420e-01 7.051900351195694323e-04 -1.672556405861337359e-01 -7.691920387486806732e+00 3.072120609507177384e-04 9.999817898509900660e-01 6.027071192525349126e-03 -1.816300751954627035e+00 1.672568450665417317e-01 -5.993552654689085143e-03 9.858951390005739057e-01 8.701803151201298192e+01
9.857726231908678916e-01 -4.502493304993616073e-04 -1.680837072500939167e-01 -8.497955137117807922e+00 8.198504640377969090e-04 9.999973964868412724e-01 2.129522189541570819e-03 -1.669981272598455302e+00 1.680823108260100507e-01 -2.237028180313738613e-03 9.857704258559939481e-01 9.012315918424006611e+01
9.854218095604219130e-01 -1.348467460229222032e-03 -1.701235988279467815e-01 -8.982365430958003216e+00 1.598842124772248798e-03 9.999978310951912475e-01 1.334731723448203712e-03 -1.649654954103861426e+00 1.701214300037578453e-01 -1.587274526422006744e-03 9.854218282608991908e-01 9.268121793395621921e+01
9.849897503087750028e-01 -3.639628917185046015e-03 -1.725744618650228712e-01 -9.419901226103952752e+00 4.465290991304851805e-03 9.999803661770625407e-01 4.396411804079533234e-03 -1.732029980005675096e+00 1.725550722610609544e-01 -5.101015755050018578e-03 9.849866631966373021e-01 9.515311077750034485e+01
9.845146273960349026e-01 -7.444130591736947827e-03 -1.751443215265041653e-01 -9.921903358420639307e+00 8.359586538656366486e-03 9.999549790856758769e-01 4.489667545400999674e-03 -1.725337579406537758e+00 1.751030146974887902e-01 -5.884277483147601177e-03 9.845325335012303780e-01 9.753030848104580741e+01
9.838040700634398394e-01 -1.185386193426342556e-02 -1.788547949702592454e-01 -1.037834264477177548e+01 1.260224799627164549e-02 9.999159408070416033e-01 3.048715370341367401e-03 -1.863785632172706874e+00 1.788036215294602771e-01 -5.253311071344329841e-03 9.838707575950897954e-01 1.001319068121141100e+02
9.831948124269627165e-01 -1.299824272652295824e-02 -1.820961463148845494e-01 -1.052327210798990365e+01 1.326249477146171710e-02 9.999120219883083083e-01 2.334859524976611663e-04 -2.000360930846284191e+00 1.820770909509110969e-01 -2.644611365674754203e-03 9.832807020284578536e-01 1.018689836614088193e+02
9.828528233694008298e-01 -1.077193680560835365e-02 -1.840768670209621816e-01 -1.078147271773878657e+01 1.084331569345214040e-02 9.999410180184218344e-01 -6.188610947076851176e-04 -2.022859321555208201e+00 1.840726761351860752e-01 -1.387754206762977990e-03 9.829116562736914808e-01 1.036735059697684704e+02
9.824612211797598693e-01 -5.933010047498109459e-03 -1.863726060067598111e-01 -1.115583668485368030e+01 5.950128735073048278e-03 9.999821885361430684e-01 -4.675237983433900560e-04 -2.005617672561617937e+00 1.863720602612168320e-01 -6.496169965802256734e-04 9.824790242807965868e-01 1.053794514327193070e+02
9.823145000482071953e-01 -1.438969576986301848e-03 -1.872328826931767276e-01 -1.186000361444881079e+01 1.505153930911767119e-03 9.999988449264480828e-01 2.113230096095164391e-04 -2.033913924621206792e+00 1.872323623380439117e-01 -4.893999659148349406e-04 9.823155312734233036e-01 1.083205016351949155e+02
9.820116492236177219e-01 4.024691089068927960e-03 -1.887774421130546942e-01 -1.247424071424162051e+01 -3.762715346654656613e-03 9.999913964997185767e-01 1.746109894386916770e-03 -2.118216629423047781e+00 1.887828455192105959e-01 -1.004384478571575257e-03 9.820183442530431295e-01 1.109965662948309557e+02
9.816972226877749286e-01 6.182745586520326138e-03 -1.903479356970319281e-01 -1.293158054291427383e+01 -5.759667528486794690e-03 9.999795603470641447e-01 2.775809441227071548e-03 -2.178291856985025365e+00 1.903612071748607970e-01 -1.628663594814437317e-03 9.817127676962461580e-01 1.132028056670784366e+02
9.812725393288568299e-01 6.911421272516613500e-03 -1.925004826359951737e-01 -1.328044178280846843e+01 -6.528004373550148724e-03 9.999752444376059923e-01 2.625960938334372975e-03 -2.211882770396396136e+00 1.925138663005761808e-01 -1.320139365579470463e-03 9.812933651635776799e-01 1.151944412546821468e+02
9.809074191931442810e-01 5.577520782673178745e-03 -1.943952834658391748e-01 -1.361198375371984071e+01 -4.923784191788649692e-03 9.999804822998950016e-01 3.845954823256768264e-03 -2.283333761863075573e+00 1.944129402099503967e-01 -2.815365196326851706e-03 9.809157366449642312e-01 1.170940972271133802e+02
9.806487893922744004e-01 2.180981852347244239e-03 -1.957631098588961949e-01 -1.429211990868910753e+01 -1.243007001679746586e-03 9.999871531691647553e-01 4.914105231227530388e-03 -2.254807722017272642e+00 1.957713124976696861e-01 -4.575676429724311566e-03 9.806389021388808303e-01 1.200098143553429111e+02
9.804328035162792609e-01 -7.837882450601336417e-04 -1.968524916408118108e-01 -1.480283899539469239e+01 1.884720379288035326e-03 9.999836146105417489e-01 5.405399109027825798e-03 -2.276555596976190809e+00 1.968450294477887552e-01 -5.670642505297614558e-03 9.804182159646338546e-01 1.224187311169015260e+02
9.801307008953277222e-01 -4.114291237537724688e-03 -1.983100647220065738e-01 -1.533079369401245629e+01 5.208290628938732660e-03 9.999739599242425392e-01 4.995316021477499112e-03 -2.493654199223923396e+00 1.982843485279616180e-01 -5.928919045040260960e-03 9.801266066421207013e-01 1.244177519007608623e+02
9.800217562362605328e-01 -5.602682882113479805e-03 -1.988113861128633919e-01 -1.581587007090675101e+01 6.248247710009000554e-03 9.999770475191970265e-01 2.619892239091092378e-03 -2.404023673799291050e+00 1.987921444729390530e-01 -3.809774181307215915e-03 9.800342692562015179e-01 1.266220689339606338e+02
9.799424489219058509e-01 -6.249456774951845338e-03 -1.991826827085022844e-01 -1.609459611730150286e+01 6.941917693637158701e-03 9.999720449045215176e-01 2.778342708316547827e-03 -2.634643592523911337e+00 1.991597514049276429e-01 -4.105325746892306629e-03 9.799584377517439604e-01 1.282349730720914067e+02
9.800194689798410463e-01 -8.831502378012666063e-03 -1.987054226391857803e-01 -1.653187617299686707e+01 9.672730234567859103e-03 9.999478934481893511e-01 3.263231272593043741e-03 -2.679104746173250007e+00 1.986662495500418069e-01 -5.120054128259681273e-03 9.800538282846731342e-01 1.304319713371353373e+02
9.800723434242837317e-01 -1.057483715203862487e-02 -1.983592056700180795e-01 -1.695172135701655947e+01 1.180849381837284148e-02 9.999175886955091741e-01 5.037389313969841201e-03 -2.717317523995725459e+00 1.982895890574541409e-01 -7.279329403654621194e-03 9.801164472831064289e-01 1.325964608219412639e+02
9.802095922400890782e-01 -1.294535175923910986e-02 -1.975387889715531087e-01 -1.736945478575706758e+01 1.464822168659810943e-02 9.998670616059586180e-01 7.161614125823942585e-03 -2.776982306615312535e+00 1.974198188681633437e-01 -9.913474834612178224e-03 9.802689111334523808e-01 1.347428578783066655e+02
9.803630273984601518e-01 -1.661774518019730473e-02 -1.964998347461192341e-01 -1.772711478772749416e+01 1.849462401951362800e-02 9.997991527408530699e-01 7.720301875581922664e-03 -2.733440726340951699e+00 1.963320742836047184e-01 -1.120288908270153545e-02 9.804734631205972439e-01 1.367523919229559795e+02
9.807226406477949077e-01 -2.169180741143071287e-02 -1.941972389403146260e-01 -1.829743650892358886e+01 2.361754838275540239e-02 9.996921299108353365e-01 7.606365934317529075e-03 -2.761338111288401453e+00 1.939724555940981476e-01 -1.204619797130770595e-02 9.809330127920209419e-01 1.391094145109566114e+02
9.813515100206386954e-01 -2.538245733779507726e-02 -1.905385647046481667e-01 -1.895746831033390478e+01 2.724026644702244246e-02 9.996034365031374325e-01 7.137059269359613024e-03 -2.859452726668053835e+00 1.902818479627196024e-01 -1.219428516208069004e-02 9.816537667351343810e-01 1.411689260244778268e+02
9.818729247104229785e-01 -2.820432149995218823e-02 -1.874301895888897951e-01 -1.929989062756831331e+01 2.982554804348840072e-02 9.995380896271607307e-01 5.834729504662293162e-03 -2.893146880030559309e+00 1.871790490533204177e-01 -1.131917104802053313e-02 9.822605967676193428e-01 1.430761083066018671e+02
9.824981355836349683e-01 -2.987363172262761865e-02 -1.838613056148079017e-01 -1.976868604023938047e+01 3.119152296537499799e-02 9.995042655266154208e-01 4.279262693836804674e-03 -2.888894490252413849e+00 1.836423221095327962e-01 -9.939281754895374840e-03 9.829428814577247930e-01 1.465897270997556916e+02
9.830455759830235563e-01 -3.176961555109056312e-02 -1.805881697895545812e-01 -2.015064203946142030e+01 3.293321313158782682e-02 9.994516072435803977e-01 3.447934317020591357e-03 -2.912559166376111452e+00 1.803795969976494662e-01 -9.336825261349912183e-03 9.835527564299760828e-01 1.489429607816382486e+02
9.835309404856055204e-01 -3.322477768553458444e-02 -1.776597963953768788e-01 -2.056668750699230941e+01 3.422099113040907165e-02 9.994110492301490067e-01 2.545278520391453664e-03 -2.960115625445503884e+00 1.774705972085301731e-01 -8.583054493634893062e-03 9.840886740035200697e-01 1.512587293232120089e+02
9.839184803640939059e-01 -3.573023779392732469e-02 -1.750079258353784417e-01 -2.108463484266314225e+01 3.617235844714178361e-02 9.993453455473511049e-01 -6.639406735987258591e-04 -2.854463547433383042e+00 1.749170788756299055e-01 -5.677185925788946763e-03 9.845668007187629023e-01 1.537334408713949188e+02
9.840678771069815145e-01 -3.680095477948783222e-02 -1.739428152395966487e-01 -2.142275138676818713e+01 3.710116170997998508e-02 9.993103490789224663e-01 -1.526441460769969180e-03 -2.918988785982466361e+00 1.738790299200228817e-01 -4.951358508665465105e-03 9.847545719634867023e-01 1.558384424202692458e+02
9.841681661261756364e-01 -3.839194441578387684e-02 -1.730291287263948374e-01 -2.173635738726170175e+01 3.885844916084326556e-02 9.992444858156956933e-01 -6.917338656291908711e-04 -2.991593085852896294e+00 1.729249597734637267e-01 -6.042861151975970069e-03 9.849164645371927262e-01 1.578795402540154384e+02
9.845476009225829772e-01 -3.892137051297374362e-02 -1.707370739909097324e-01 -2.226051499839554637e+01 3.974352207462997916e-02 9.992089351688345777e-01 1.398689339277499376e-03 -3.001551508104818300e+00 1.705475709902926074e-01 -8.162768902537108351e-03 9.853156322890417318e-01 1.603573008105119300e+02
9.847085366862229350e-01 -4.151437627433478272e-02 -1.691911768971119112e-01 -2.271840221097963308e+01 4.257908992391031683e-02 9.990895367728439558e-01 2.668072764460367036e-03 -2.977011057675412964e+00 1.689263711755164821e-01 -9.831280363098481370e-03 9.855796401346229585e-01 1.626218139054242044e+02
9.847857681341424252e-01 -4.421119660529530815e-02 -1.680546368749592234e-01 -2.309929952907501516e+01 4.546834437031237880e-02 9.989591552817382869e-01 3.638095520923155350e-03 -3.033477305357686671e+00 1.677188735374438855e-01 -1.122391079457613766e-02 9.857709689810333353e-01 1.648388791931766946e+02
9.848563222513074811e-01 -4.708870948290497238e-02 -1.668552605130043109e-01 -2.354795573712174317e+01 4.847541131860593627e-02 9.988153532847330318e-01 4.245531790809665453e-03 -3.109046664872956889e+00 1.664576793636144136e-01 -1.226961620953884689e-02 9.859722600047882146e-01 1.671370571788525865e+02
9.849099986143554641e-01 -4.935556783268799791e-02 -1.658804465673473783e-01 -2.397287837412678257e+01 5.076314399684686562e-02 9.987016608877786750e-01 4.253910148134189446e-03 -3.107906523961353695e+00 1.654551233447455749e-01 -1.261033163346395210e-02 9.861366952380730133e-01 1.694779768863764673e+02
9.850669305674319975e-01 -5.044107897111102523e-02 -1.646172526033879702e-01 -2.436841726236867345e+01 5.178096915628832564e-02 9.986510232276022414e-01 3.855520678119081588e-03 -3.138630729877228465e+00 1.642007111302900280e-01 -1.232198679978298295e-02 9.863499861132517532e-01 1.717150030969247894e+02
9.853104099388731996e-01 -4.942799062728574222e-02 -1.634633592235217037e-01 -2.448403955703802026e+01 5.055167912192497226e-02 9.987177448423307791e-01 2.719168072055994957e-03 -3.185818679441256407e+00 1.631193544740875134e-01 -1.094257189142961405e-02 9.865456585056551209e-01 1.737135235974546674e+02
9.855496125779413807e-01 -4.995308675618174987e-02 -1.618537928841904117e-01 -2.483789391883377107e+01 5.065122450040528829e-02 9.987163853390529367e-01 1.873817151294602070e-04 -3.215359741551803374e+00 1.616366746876416738e-01 -8.382766776369262110e-03 9.868147316579203299e-01 1.758995712017420203e+02
9.859795020019618272e-01 -4.751049261828810266e-02 -1.599599159887578059e-01 -2.519648021946056460e+01 4.779337335049517466e-02 9.988550768891494291e-01 -2.080585627400678532e-03 -3.273900430355951574e+00 1.598756238322245615e-01 -5.593609205187590264e-03 9.871213179950656391e-01 1.780706585550638863e+02
9.864688971019205388e-01 -4.503629692163687442e-02 -1.576415142343731701e-01 -2.553479179157228174e+01 4.525285589894121469e-02 9.989731043875735850e-01 -2.217147546982795037e-03 -3.344001825949403983e+00 1.575794849703142930e-01 -4.946581631954640769e-03 9.874939175745073294e-01 1.801262564638745118e+02
9.870614758894890040e-01 -4.480977761683570953e-02 -1.539536509628553207e-01 -2.596939447594665040e+01 4.491092728588334804e-02 9.989870078780760387e-01 -2.822534522808682438e-03 -3.362099914277998813e+00 1.539241742715710959e-01 -4.128186131956495912e-03 9.880740390548037322e-01 1.823328065903258164e+02
9.875003713548202722e-01 -4.262740886623646308e-02 -1.517429424633714163e-01 -2.629929554856527574e+01 4.288334278526267224e-02 9.990788258001546129e-01 -1.587056819184666165e-03 -3.427286822520926979e+00 1.516708128996905602e-01 -4.940025418595097619e-03 9.884187172768479357e-01 1.845815905227063638e+02
9.879578634022350148e-01 -4.241547937145022373e-02 -1.487957904356843608e-01 -2.669053515673957833e+01 4.276949086646515685e-02 9.990846291471707774e-01 -8.212508050977438290e-04 -3.434644770443149309e+00 1.486944208526779221e-01 -5.552559009285740026e-03 9.888676040278263635e-01 1.869790815842564768e+02
9.880741640933495828e-01 -4.573989675517348141e-02 -1.470282561144407307e-01 -2.704960960934720404e+01 4.621412356879603389e-02 9.989315383957384498e-01 -1.907382832652332392e-04 -3.451452628903578290e+00 1.468798864174243601e-01 -6.606318426379462899e-03 9.891322740275199088e-01 1.893576941849633499e+02
9.882954448118400625e-01 -4.954693240559109729e-02 -1.442817218269933921e-01 -2.749321903968902703e+01 4.996872406512761072e-02 9.987505369237931196e-01 -7.011488711429251196e-04 -3.488936708440418144e+00 1.441361869187234024e-01 -6.516631310129020714e-03 9.895364031388120818e-01 1.918157026411808204e+02
9.882913400136775772e-01 -5.398505805972596272e-02 -1.427089372122729016e-01 -2.784343453975573368e+01 5.443362240410574981e-02 9.985171006558442031e-01 -7.618725715894912598e-04 -3.513387524345564117e+00 1.425384439578866458e-01 -7.015212337208257681e-03 9.897644056996226514e-01 1.939868052773370550e+02
9.881618903989715097e-01 -5.860884452191798821e-02 -1.417782836224766307e-01 -2.812779828235724722e+01 5.918019425661833616e-02 9.982472988445572071e-01 -1.869687016204565606e-04 -3.561983571806375259e+00 1.415407466805181924e-01 -8.205711020509388540e-03 9.898984207158673110e-01 1.961688684272914998e+02
9.883903488061289710e-01 -6.072540366446791543e-02 -1.392729109937928811e-01 -2.846862561857171769e+01 6.137258023485867714e-02 9.981148640887613777e-01 3.528177864450538349e-04 -3.607559681300238186e+00 1.389889376253135023e-01 -8.896259599518320516e-03 9.902539733739641470e-01 1.984253641748834411e+02
9.885685083058945999e-01 -6.400107460085222022e-02 -1.365143466299177377e-01 -2.876286692711882509e+01 6.462879854796151069e-02 9.979093599574907492e-01 1.664556377659208084e-04 -3.634843652635118882e+00 1.362182909307854961e-01 -8.987311008776905849e-03 9.906380799548978322e-01 2.005504587414860964e+02
9.889132857112810093e-01 -6.487739369653555688e-02 -1.335718425824165001e-01 -2.907092641869250116e+01 6.542680220090438259e-02 9.978573330056825785e-01 -2.766234828524414993e-04 -3.678332550447910965e+00 1.333035892145473522e-01 -8.465621886917596220e-03 9.910390942584385021e-01 2.027167706829042118e+02
9.894225979436105378e-01 -6.426884302486139677e-02 -1.300478315650097361e-01 -2.937676717476706401e+01 6.469451218290916961e-02 9.979046604979450175e-01 -9.532312928221123912e-04 -3.728727189888663585e+00 1.298366002786993934e-01 -7.470232441358242749e-03 9.915072631379663326e-01 2.049236462263036174e+02
9.900821765261695884e-01 -6.193962437177873842e-02 -1.260982420887967748e-01 -2.967106594593922253e+01 6.225258800640894041e-02 9.980593571694835742e-01 -1.461113596767498043e-03 -3.775839715595865176e+00 1.259440312666943729e-01 -6.403319383046740358e-03 9.920166825659595400e-01 2.070804926720925323e+02
9.907440430718075230e-01 -6.072162764309914362e-02 -1.214047983158009630e-01 -2.995506335163707590e+01 6.095407533469732880e-02 9.981389455367905006e-01 -1.801694423889254812e-03 -3.811519177385575219e+00 1.212882591919740294e-01 -5.615099204631101258e-03 9.926014451143529982e-01 2.093950472027877936e+02
9.913629079911899789e-01 -5.960446490869757835e-02 -1.168199144931996170e-01 -3.026903771884695615e+01 5.983204520704785839e-02 9.982072380644522180e-01 -1.560846591030772565e-03 -3.854318042308300551e+00 1.167035176230449139e-01 -5.442208989628187152e-03 9.931518873443880846e-01 2.115566822484816214e+02
9.919029790580177197e-01 -5.916526054448936062e-02 -1.123741610893346787e-01 -3.052087237957471544e+01 5.939818524728728011e-02 9.982335521532499367e-01 -1.277084505750003670e-03 -3.882658532186018974e+00 1.122512170319678315e-01 -5.408077311630543269e-03 9.936651432825007735e-01 2.137827018864177262e+02
9.922671972384852213e-01 -6.081327092017262126e-02 -1.082014573121379136e-01 -3.076592282963644820e+01 6.101762400288553850e-02 9.981356726466764639e-01 -1.424272168640975614e-03 -3.950382546638611547e+00 1.080863490248567677e-01 -5.188937285954146016e-03 9.941279676602597926e-01 2.159304490660164788e+02
9.925020196076587142e-01 -6.288541288072506397e-02 -1.048101422646641190e-01 -3.096308104690196927e+01 6.310327273845213469e-02 9.980062327958444390e-01 -1.239463732516962995e-03 -4.010661047426008707e+00 1.046791194289236893e-01 -5.383692735329540999e-03 9.944914769911886721e-01 2.180560890306968531e+02
9.926717388367319872e-01 -6.487778620892782622e-02 -1.019494569455241528e-01 -3.116482910044386401e+01 6.503109254151062668e-02 9.978815735827976097e-01 -1.822664746499572976e-03 -4.048932803596987817e+00 1.018517349764649915e-01 -4.820576785956996561e-03 9.947879101204104568e-01 2.202168411813705120e+02
9.929328833671281496e-01 -6.684378081025935114e-02 -9.806221543097379256e-02 -3.140080197273925577e+01 6.685616242126254938e-02 9.977576091039842554e-01 -3.163387646775962792e-03 -4.097117813357050942e+00 9.805377440232693198e-02 -3.415031784920815640e-03 9.951752583758123327e-01 2.223522729104960263e+02
9.932210200327205030e-01 -6.772380078438641759e-02 -9.447482295552898923e-02 -3.160741838351283661e+01 6.774649483115451065e-02 9.976981440642508359e-01 -2.970819557404563022e-03 -4.147668096323241294e+00 9.445855071540169845e-02 -3.449657673892470109e-03 9.955228184520322765e-01 2.245637273836001953e+02
9.935809398158469419e-01 -6.755530467591676358e-02 -9.073696515093540582e-02 -3.181331173942510659e+01 6.763695405528676041e-02 9.977076211884383650e-01 -2.178317844410933030e-03 -4.198517393818817389e+00 9.067611858025789728e-02 -3.972836851962532195e-03 9.958725109603968617e-01 2.267191181800934032e+02
9.939022596035316237e-01 -6.778093453135015933e-02 -8.697150837515871258e-02 -3.202710633537284934e+01 6.799605226507687838e-02 9.976854698210431138e-01 -4.900860435326372761e-04 -4.246462343996054933e+00 8.680342868434616499e-02 -5.426621602982623430e-03 9.962106787957146770e-01 2.289578479203382813e+02
9.942533302729119615e-01 -6.724580009315976603e-02 -8.329656422118508763e-02 -3.220542136552337098e+01 6.757785383089782993e-02 9.977133176617684063e-01 1.170227310228308349e-03 -4.283552966946472473e+00 8.302739856717769595e-02 -6.792505441926050339e-03 9.965241155922858196e-01 2.311654601840844805e+02
9.946828379097829576e-01 -6.669748275949613503e-02 -7.846972512559635682e-02 -3.246399630650373780e+01 6.703638656571603294e-02 9.977491006318414124e-01 1.689693630205960258e-03 -4.324075568425008065e+00 7.818039935912184102e-02 -6.941036082516310012e-03 9.969150651756388815e-01 2.335173017727054514e+02
9.950689881234826561e-01 -6.650288893975728199e-02 -7.358719071668644307e-02 -3.265535268308515526e+01 6.673508927967065907e-02 9.977704846337563938e-01 6.984644254678594975e-04 -4.367924417476948484e+00 7.337667704210940056e-02 -5.605868031408780053e-03 9.972885427547392156e-01 2.357587020739727279e+02
9.954089380320642055e-01 -6.701535625838610233e-02 -6.833731126872850947e-02 -3.280445260115074291e+01 6.711728375674091973e-02 9.977447672904872222e-01 -8.059563069683405370e-04 -4.395982571348844736e+00 6.823720617811507294e-02 -3.784358599976386534e-03 9.976619479177257777e-01 2.377260710817988070e+02
9.956871676433893814e-01 -6.784798729499728898e-02 -6.327491454203865162e-02 -3.296855067723532784e+01 6.791494448495900838e-02 9.976905143266350251e-01 -1.094503658948688292e-03 -4.439688446679954659e+00 6.320304190376688225e-02 -3.207529060259142056e-03 9.979955346851191456e-01 2.398523147331990231e+02
9.958901239767025126e-01 -6.978378764436667103e-02 -5.773286713539954595e-02 -3.311176950659063323e+01 6.981068145214427978e-02 9.975590487739507406e-01 -1.553371944500133925e-03 -4.483401840535424121e+00 5.770034420048954921e-02 -2.483383018518184847e-03 9.983308585273357183e-01 2.419751045654286941e+02
9.961800769501375497e-01 -7.006374172116586196e-02 -5.211838815281562981e-02 -3.322776921433452202e+01 7.003945953573749439e-02 9.975415829580731586e-01 -2.294423117800742113e-03 -4.538105393797958520e+00 5.215101528790744984e-02 -1.364685140050080287e-03 9.986382774753368441e-01 2.441145396889366452e+02
9.964467452260762359e-01 -6.993951001194277650e-02 -4.692918993172846137e-02 -3.334224066566341094e+01 6.985409533156707040e-02 9.975512199034611838e-01 -3.459629246700599708e-03 -4.596073218620913892e+00 4.705623543981399259e-02 1.691401952395686224e-04 9.988922274689226999e-01 2.462535991936964592e+02
9.968006554000912178e-01 -6.842908347067540309e-02 -4.130271091964535235e-02 -3.343892520202368956e+01 6.833976556451459849e-02 9.976557099628952097e-01 -3.572229138595055687e-03 -4.650523680381541070e+00 4.145032975183212537e-02 7.381827651633655982e-04 9.991402930768373825e-01 2.484476502808012128e+02
9.971123659143200646e-01 -6.723120019682496395e-02 -3.531140695075071084e-02 -3.356971811007416306e+01 6.714725210905896080e-02 9.977367279206155182e-01 -3.559254481765018914e-03 -4.679513351118444575e+00 3.547078057993011124e-02 1.177912712356221463e-03 9.993700196857475682e-01 2.505711219123222975e+02
9.972871377104091106e-01 -6.719828764290232403e-02 -3.004588316627335859e-02 -3.363849959295882286e+01 6.714106765351744721e-02 9.977392477792026426e-01 -2.910408104784466439e-03 -4.728474397288043640e+00 3.017353131016276349e-02 8.851998940132279562e-04 9.995442833758898526e-01 2.527068646748050469e+02
9.974666951502229040e-01 -6.674444063093262769e-02 -2.460430269192917518e-02 -3.371933750562033794e+01 6.668133909453821673e-02 9.977686073502993747e-01 -3.377158983956468283e-03 -4.771559040564448573e+00 2.477480741905713907e-02 1.727955759738745642e-03 9.996915639767297579e-01 2.548464929551963678e+02
9.976424428741488271e-01 -6.600757720288547015e-02 -1.877647272268998663e-02 -3.380371552575614658e+01 6.595548741103346435e-02 9.978168390279638089e-01 -3.380744387746653125e-03 -4.813369639692445467e+00 1.895863540642655359e-02 2.134362679439638123e-03 9.998179907560564850e-01 2.569577351024790346e+02
9.977219838986453038e-01 -6.605979389876694141e-02 -1.367283713806007918e-02 -3.385060031160435301e+01 6.603382738944031660e-02 9.978146353821312209e-01 -2.342446909916032043e-03 -4.859255868131286071e+00 1.379769856364037456e-02 1.434241010640077956e-03 9.999037786042562770e-01 2.590762232287849542e+02
9.977830138983062591e-01 -6.599633130907607559e-02 -8.575629991739807875e-03 -3.386806538096382013e+01 6.598441219270283209e-02 9.978192634723472842e-01 -1.665770418026476293e-03 -4.891156872723472659e+00 8.666863538561960997e-03 1.096219523974026333e-03 9.999618411615307512e-01 2.611890552237504153e+02
9.978367673058647913e-01 -6.567759338721437801e-02 -2.870459796877531094e-03 -3.391423727937397814e+01 6.567321637222169051e-02 9.978399117213762048e-01 -1.593495278758127586e-03 -4.940092453130904282e+00 2.968916285298600546e-03 1.401535850345057583e-03 9.999946106021524450e-01 2.633257356663038991e+02
9.977889672561336409e-01 -6.641989393709241130e-02 2.361040305442948291e-03 -3.392514838565108448e+01 6.642392587786845326e-02 9.977900908729687712e-01 -1.672311778329289801e-03 -5.005178322116399237e+00 -2.244747849976434350e-03 1.825443808472843954e-03 9.999958144222361733e-01 2.654497037045094316e+02
9.977862612597965253e-01 -6.603375994031403240e-02 7.881585458658113205e-03 -3.391990863329053951e+01 6.605415033942624303e-02 9.978132603018132762e-01 -2.355162160449324887e-03 -5.044235666794287809e+00 -7.708830270127545181e-03 2.870559877534506824e-03 9.999661663385692734e-01 2.676059153213363402e+02
9.977183990251403678e-01 -6.626210185955412613e-02 1.293561377998535961e-02 -3.389093430833134590e+01 6.631763549309144246e-02 9.977908939238050445e-01 -3.911933708436727067e-03 -5.063580974382699829e+00 -1.264782468712857474e-02 4.760867556214442783e-03 9.999086791656501827e-01 2.697631300112863073e+02
9.975934527593610657e-01 -6.707928219298450734e-02 1.754060751885320318e-02 -3.383856543580740350e+01 6.715748385968478562e-02 9.977347370187027442e-01 -3.907289067356603356e-03 -5.111901756369410244e+00 -1.723877528401265499e-02 5.075869057969618035e-03 9.998385170516352893e-01 2.719472891549521023e+02
9.974624692816445037e-01 -6.756895198009989223e-02 2.242897908678579549e-02 -3.379745558108804460e+01 6.767308153227620526e-02 9.976998654324178428e-01 -3.915680280731339592e-03 -5.170211380320517414e+00 -2.211281100381469120e-02 5.423582252161488447e-03 9.997407705725835925e-01 2.740322069518903731e+02
9.972692423394837746e-01 -6.884201659786173821e-02 2.673639905394618529e-02 -3.369526215728875229e+01 6.897641631499409898e-02 9.976097151417990805e-01 -4.136453437275419871e-03 -5.224136999986901841e+00 -2.638772964793967279e-02 5.969338777273009225e-03 9.996339603667878659e-01 2.762189366722033128e+02
9.970545956207990113e-01 -6.989714729883209077e-02 3.156773908487049002e-02 -3.364072769900911908e+01 7.005113372596860621e-02 9.975361744040796008e-01 -3.797291005428162641e-03 -5.278777453789217589e+00 -3.122454187256504948e-02 5.997462359932414014e-03 9.994944014000723964e-01 2.783463865951247840e+02
9.968656782325986399e-01 -7.030677271617721824e-02 3.627364431784040055e-02 -3.355027882526722038e+01 7.045042911914474459e-02 9.975116385616283887e-01 -2.695917473385740261e-03 -5.313731346471933570e+00 -3.599384112302791983e-02 5.242961408472863148e-03 9.993382584274850267e-01 2.805331755865071841e+02
9.967102362908656366e-01 -6.972759892082487643e-02 4.131303452596685882e-02 -3.346895707968559464e+01 6.985623668639491524e-02 9.975556602153249353e-01 -1.676594280453270417e-03 -5.368288180028145007e+00 -4.109514653850913218e-02 4.557051799513630111e-03 9.991448454602938067e-01 2.826995682730147905e+02
9.965227393104539866e-01 -6.930432882236366166e-02 4.625300037479562060e-02 -3.338711936331810648e+01 6.944420329978027995e-02 9.975848234471189624e-01 -1.422201124625148416e-03 -5.404584934022691023e+00 -4.604272651839759478e-02 4.629258521813972918e-03 9.989287448563534122e-01 2.848027046806358271e+02
9.963009708727535996e-01 -6.864980333947239000e-02 5.168732861602122475e-02 -3.331730724886872963e+01 6.883867125286305400e-02 9.976260324489536480e-01 -1.880616999595294877e-03 -5.451192161764133459e+00 -5.143552058790756831e-02 5.431747565073574528e-03 9.986615459404851736e-01 2.869224957286101017e+02
9.960703364839245122e-01 -6.735351003025429051e-02 5.750990752388678712e-02 -3.325688466484743344e+01 6.758720188050332256e-02 9.977111057666516736e-01 -2.125928467521869761e-03 -5.482459931358562244e+00 -5.723508468383425168e-02 6.004508013931267145e-03 9.983426721145123306e-01 2.890228428450535603e+02
9.958234167931563352e-01 -6.648203006489145084e-02 6.257685071058230464e-02 -3.316220721291888651e+01 6.673834275182514986e-02 9.977684820699944668e-01 -2.012410116949379501e-03 -5.520334234775642557e+00 -6.230342023632055859e-02 6.180280429702272697e-03 9.980381194927708810e-01 2.911040226390368844e+02
9.954839727927826676e-01 -6.581271739576331770e-02 6.841305534533381749e-02 -3.303786681499784095e+01 6.611224844415981849e-02 9.978099379147148396e-01 -2.120944197828306729e-03 -5.555443013945605024e+00 -6.812364140557973513e-02 6.634306867940680669e-03 9.976548278107141288e-01 2.932742811483981313e+02
9.951300874953576958e-01 -6.543191280317674219e-02 7.372091798396954165e-02 -3.291359296188615247e+01 6.570802923717811161e-02 9.978380142186906721e-01 -1.323734817157154464e-03 -5.608068343866755789e+00 -7.347491990637247672e-02 6.161344578700521553e-03 9.972780324351552261e-01 2.953667038495468660e+02
9.946360096217874425e-01 -6.767991065037189113e-02 7.822172369620380983e-02 -3.273870042935037361e+01 6.789545063867427621e-02 9.976924368399718857e-01 -9.620233980215566329e-05 -5.648651932430469813e+00 -7.803471116252648498e-02 5.406585491464711152e-03 9.969359822411388850e-01 2.974913051124985941e+02
