9.999859754104883924e-01 5.313147201534026932e-04 -5.269410498541393477e-03 -1.827404275536537170e-02 -6.741857476873035606e-04 9.996311793467573814e-01 -2.714867863061696043e-02 6.728593260049819946e-03 5.253042538529957041e-03 2.715185044300021458e-02 9.996175181346159677e-01 7.589936852455139160e-01
9.999588401852473885e-01 -1.278133299710477230e-03 -8.982444580559497196e-03 -2.653876092504462575e-02 9.426809462288292252e-04 9.993055024381855000e-01 -3.725082749952254163e-02 -7.887730444799683979e-03 9.023817817768075428e-03 3.724082668300663507e-02 9.992655760807322984e-01 1.550566400521382171e+00
9.999233251498191866e-01 -1.527970778629296261e-03 -1.228857707907187423e-02 -4.280421907969240991e-02 1.196466559942649084e-03 9.996363668566142779e-01 -2.693886644755825316e-02 -3.445527818637845324e-02 1.232527034590213955e-02 2.692209804246496405e-02 9.995615480538915243e-01 2.361882336240110902e+00
9.998738384587041450e-01 8.762688732558683124e-05 -1.588393803139740920e-02 -5.670343698583391046e-02 -3.132783968051740101e-04 9.998990642200099588e-01 -1.420433837228730206e-02 -7.190992354103051265e-02 1.588109009176481151e-02 1.420752242570660039e-02 9.997729428645386607e-01 3.190149623869788620e+00
9.998333795817679892e-01 1.413309053545759152e-03 -1.819933052666664053e-02 -8.664627954730970416e-02 -1.597732125567115444e-03 9.999474850975149653e-01 -1.012295901453928205e-02 -1.000906051150754206e-01 1.818406792097481545e-02 1.015034997792080632e-02 9.997831315186163081e-01 4.023973914259573625e+00
9.998298993625460707e-01 5.134175635855925358e-04 -1.843661419799743142e-02 -1.092510242453912650e-01 -7.534184924173338528e-04 9.999150429718723920e-01 -1.301303958089887469e-02 -1.200483447793227049e-01 1.842836675496996313e-02 1.302471654064528937e-02 9.997453436039499541e-01 4.847057030240133457e+00
9.998322315123326920e-01 -2.868563601879045599e-04 -1.831465376405867068e-02 -1.242232730294099141e-01 -1.119696486964850626e-05 9.998676044714788214e-01 -1.627185923902675635e-02 -1.382818459585509752e-01 1.831689667210868386e-02 1.626933440234548667e-02 9.996998549836885184e-01 5.667073863411944856e+00
9.998443511577127518e-01 -1.985633217353084689e-04 -1.764182617019835128e-02 -1.480699616926115236e-01 -1.030477416056430702e-04 9.998538848588177652e-01 -1.709380922712556636e-02 -1.621185160050261087e-01 1.764264263581801981e-02 1.709296654585372097e-02 9.996982382976810078e-01 6.504318395128293240e+00
9.998482919235097688e-01 1.063380532307284433e-04 -1.741785950850937431e-02 -1.724029295620552737e-01 -3.887167217271605079e-04 9.998685429042798445e-01 -1.620943582556684873e-02 -1.823109650955037353e-01 1.741384612743505575e-02 1.621374733648441036e-02 9.997168961062719017e-01 7.348610284947730165e+00
9.998514307246468835e-01 -1.179260005495069279e-04 -1.723666357897409712e-02 -1.939017725113385548e-01 -1.503196962798980453e-04 9.998789186135650375e-01 -1.556038290522683901e-02 -2.079662053692671320e-01 1.723641151357346857e-02 1.556066212044846138e-02 9.997303496005849333e-01 8.207226624104652757e+00
9.998518555080136982e-01 -1.063317617531493644e-03 -1.717953412714755962e-02 -2.125189462802360429e-01 7.820208329365875653e-04 9.998656578536067041e-01 -1.637237577114606865e-02 -2.308425894365669362e-01 1.719463522725717813e-02 1.635651554026727045e-02 9.997183648001982670e-01 9.073734582648615543e+00
9.998462215754219118e-01 -1.413338874948471408e-03 -1.747957878715830637e-02 -2.357867069732833831e-01 1.115086054524076385e-03 9.998538300997528161e-01 -1.706092078247639643e-02 -2.576830214227507909e-01 1.750113666145490868e-02 1.703880594641210208e-02 9.997016501474212946e-01 9.940133145353540201e+00
9.998430443353966135e-01 -1.789179604968813009e-03 -1.762627386791869311e-02 -2.626311629028384442e-01 1.477761784856262625e-03 9.998428691513937538e-01 -1.766502836726588366e-02 -2.789891777664050831e-01 1.765511014502396323e-02 1.763620830706684461e-02 9.996885821306134012e-01 1.081960470043127209e+01
9.998300444241974283e-01 -1.972075269774810780e-03 -1.833011690735755414e-02 -2.765647762201566273e-01 1.659600201919566144e-03 9.998533172520646106e-01 -1.704669197270840264e-02 -3.060003511137422416e-01 1.836104555511045011e-02 1.701337412663799648e-02 9.996866594623285973e-01 1.171853530478935568e+01
9.998394188058477017e-01 -1.346639091507590520e-03 -1.786961569651960430e-02 -3.074840912412285521e-01 1.058314922849767394e-03 9.998692697144002661e-01 -1.613454214771086956e-02 -3.318198251092340789e-01 1.788900700173572458e-02 1.611303956270847618e-02 9.997101346813194178e-01 1.261292815128492428e+01
9.998420477527454331e-01 -1.424217778636412916e-03 -1.771584458374798193e-02 -3.317185640902480803e-01 1.132041285304142371e-03 9.998633652572539443e-01 -1.649149171445607812e-02 -3.544240881244603014e-01 1.773691145957671453e-02 1.646883177880636984e-02 9.997070468650882669e-01 1.352623308586321116e+01
9.998433672927417026e-01 -1.351703800645299948e-03 -1.764691977503959203e-02 -3.479808588063503794e-01 1.045304862265315294e-03 9.998487498609535118e-01 -1.736043603235499361e-02 -3.786954119892415038e-01 1.766771684333566864e-02 1.733927040921521071e-02 9.996935537869687805e-01 1.444098598713116033e+01
9.998451087099642365e-01 -1.236162961985485045e-03 -1.755649423691877861e-02 -3.650451217623566502e-01 9.090744095536009437e-04 9.998261001689060512e-01 -1.862640611483592709e-02 -4.038338104176072418e-01 1.757646643889042987e-02 1.860756088713181461e-02 9.996723595785539374e-01 1.536499952359994303e+01
9.998495720974277523e-01 -1.380430672115756695e-03 -1.728952248472802322e-02 -3.904772231666904236e-01 1.047142010943094125e-03 9.998137456920476174e-01 -1.927115509892552564e-02 -4.271970207979191025e-01 1.731290473026845383e-02 1.925015159414094484e-02 9.996647913142698849e-01 1.628867740743917025e+01
9.998446582415594364e-01 -1.914834286190969601e-03 -1.752120987475832420e-02 -4.195326001926495962e-01 1.584338692412760397e-03 9.998209342022877921e-01 -1.885707829364546492e-02 -4.569139436362752993e-01 1.755418060538926905e-02 1.882638947120181261e-02 9.996686540062921233e-01 1.722418023959507849e+01
9.998214769157000026e-01 -4.097140281750507457e-03 -1.844526333831147946e-02 -4.399716050761496855e-01 3.749899261785758116e-03 9.998158395668499399e-01 -1.882087157285305609e-02 -4.842769049609019216e-01 1.851897820168431352e-02 1.874834373343487945e-02 9.996527132227562840e-01 1.817491272052219031e+01
9.997879254119313996e-01 -4.897541926892847244e-03 -2.000295687093560718e-02 -4.618840829633148459e-01 4.520898679456303478e-03 9.998124525150422492e-01 -1.883139057496788574e-02 -5.115182995495488605e-01 2.009143289156533826e-02 1.873696557426591039e-02 9.996225589918588117e-01 1.912785100708530450e+01
9.997565301299631280e-01 -6.160315498012918639e-03 -2.118799130311708329e-02 -4.839596380722573921e-01 5.756245974073337726e-03 9.998014072505112537e-01 -1.907909044435229101e-02 -5.355127806091939391e-01 2.130131673822038135e-02 1.895248197104411683e-02 9.995934460231093999e-01 2.010683423794752755e+01
9.997175310687026473e-01 -7.074531474302332007e-03 -2.268940453860764442e-02 -5.045500096436351667e-01 6.647886278637835447e-03 9.998007050291569664e-01 -1.882434145534088790e-02 -5.680364009813756443e-01 2.281805605050049243e-02 1.866818758262495104e-02 9.995653230732125527e-01 2.108769842496687019e+01
9.996706842320625119e-01 -8.432897348726903219e-03 -2.423652882130294256e-02 -5.262494550302527774e-01 7.981930221007424095e-03 9.997943273812291975e-01 -1.864381200995781848e-02 -5.927196964892166298e-01 2.438876538381928513e-02 1.844421802683740216e-02 9.995323901427262125e-01 2.209120547552543457e+01
9.996202870741789370e-01 -9.000101184157305659e-03 -2.604380633492516320e-02 -5.611448660881116490e-01 8.522338025372800177e-03 9.997944240432270480e-01 -1.839780983305898399e-02 -6.183299905811713293e-01 2.620403450458426778e-02 1.816886982580499799e-02 9.994914910818075704e-01 2.309855538108484296e+01
9.995732132418660987e-01 -7.650271669173275106e-03 -2.819334518496903474e-02 -5.996598169553036817e-01 7.174128779245798199e-03 9.998305814497471244e-01 -1.695111424419283933e-02 -6.439558089674152219e-01 2.831824933836428471e-02 1.674161704402310838e-02 9.994587510313575063e-01 2.411193536759353506e+01
9.994766321120708286e-01 -6.175999888215710776e-03 -3.175403733847156906e-02 -6.354686426680357103e-01 5.664728628978791744e-03 9.998532779005090410e-01 -1.616581334692772723e-02 -6.700600312971386474e-01 3.184921838086949425e-02 1.597747467494278761e-02 9.993649721655941676e-01 2.516271400243816103e+01
9.993473350033627023e-01 -7.114201738166464270e-03 -3.541598728407234498e-02 -6.832285989595567877e-01 6.510196528696523405e-03 9.998318910902311840e-01 -1.714079636685396715e-02 -7.008600122504585750e-01 3.553197662436826526e-02 1.689904413157370527e-02 9.992256506638547142e-01 2.619977757358550718e+01
9.991715047763929380e-01 -5.935439742033987894e-03 -4.026257068230345432e-02 -7.304764980621902826e-01 5.067069774067429512e-03 9.997530836250800856e-01 -2.163553988345495380e-02 -7.288324386813689326e-01 4.038104563757023702e-02 2.141360168707079348e-02 9.989548682578224259e-01 2.726716138960555469e+01
9.989288611019102593e-01 -5.560017504086060651e-03 -4.593709462944844252e-02 -7.872362254337531562e-01 4.464803782089436443e-03 9.997041474117535076e-01 -2.390989700786544034e-02 -7.607585353412240625e-01 4.605644346699041408e-02 2.367918607329123210e-02 9.986581498000592916e-01 2.834957744745550912e+01
9.986022781559408257e-01 -6.779230128456096259e-03 -5.241690662973656073e-02 -8.481123631550748776e-01 5.671117876210170217e-03 9.997578903650266025e-01 -2.126026986906804500e-02 -7.958514051534171241e-01 5.254834425364148659e-02 2.093329146925791695e-02 9.983989527360609406e-01 2.944486031982157570e+01
9.983479147166215428e-01 -6.396570030159500625e-03 -5.710100763403980900e-02 -9.346859517084882274e-01 5.399312914870411928e-03 9.998304938193587343e-01 -1.760201832133550040e-02 -8.335121542629175817e-01 5.720392120318956025e-02 1.726463207793848403e-02 9.982132256578211127e-01 3.055283679713216571e+01
9.981066629408018587e-01 -6.523427202111302566e-03 -6.115990754338360147e-02 -1.006079296978804605e+00 5.510365914253880643e-03 9.998450568405238270e-01 -1.671819903759697024e-02 -8.634838257168047093e-01 6.125949118844772889e-02 1.634953238195006528e-02 9.979879596118499396e-01 3.165795141062431384e+01
9.979627207903382091e-01 -4.295849610029686509e-03 -6.365495730006699715e-02 -1.086282998874735339e+00 3.223473301971407218e-03 9.998513144930447627e-01 -1.693983844084806858e-02 -8.915963399423493252e-01 6.371826372883068745e-02 1.670013720478260785e-02 9.978281857538020549e-01 3.278039150963672199e+01
9.979247118129098704e-01 -3.366682435143614899e-03 -6.430346026849063923e-02 -1.170681940046517155e+00 2.318048325118622632e-03 9.998632298139831232e-01 -1.637523489640691290e-02 -9.158737533255115748e-01 6.434979568796525551e-02 1.619219303649087338e-02 9.977960295970242921e-01 3.390957027574292937e+01
9.979031228525847563e-01 -2.383423093306490537e-03 -6.468134735313614547e-02 -1.245546639530838995e+00 1.436443861472923734e-03 9.998911635942772103e-01 -1.468324198245688286e-02 -9.533732776442186418e-01 6.470930404579851303e-02 1.455954190353669735e-02 9.977979383169055527e-01 3.503418735174913223e+01
9.979752580110400340e-01 -9.278259018353181894e-04 -6.359656859370423077e-02 -1.336718176629705601e+00 5.326277406758209399e-06 9.998948095798597668e-01 -1.450412861521835697e-02 -9.812334907532948014e-01 6.360333615014712727e-02 1.447442276403140479e-02 9.978702855162183694e-01 3.615560260964691963e+01
9.980399294326905979e-01 -8.748879875694518622e-04 -6.257422655533811939e-02 -1.415714191617619244e+00 -5.421737519382199426e-05 9.998898082236689078e-01 -1.484481292947341380e-02 -1.016512133394827488e+00 6.258031893867113671e-02 1.481910865889175810e-02 9.979299062058867298e-01 3.726419914901740782e+01
9.981146959471571822e-01 -1.340751660903220441e-03 -6.136168282647911504e-02 -1.485876102964393652e+00 3.978693802177507522e-04 9.998817090412505104e-01 -1.537561786414947881e-02 -1.052128875378042894e+00 6.137503917937585374e-02 1.532221621475995076e-02 9.979971614468640118e-01 3.838652939772332218e+01
9.981761304247582789e-01 -2.082081628325809300e-03 -6.033305550317041160e-02 -1.551106483922826795e+00 1.115959276285316375e-03 9.998706892667704738e-01 -1.604242438307900559e-02 -1.084557967120483246e+00 6.035865542860713306e-02 1.594583586037819772e-02 9.980493790557480871e-01 3.950925483774056346e+01
9.982382777674727592e-01 -3.064999825134563649e-03 -5.925324105820289206e-02 -1.615666474327657198e+00 2.093894667374330935e-03 9.998625923062131049e-01 -1.644421210704390818e-02 -1.116782284247613166e+00 5.929550071423224378e-02 1.629117192750212731e-02 9.981075299346643392e-01 4.061785569351022929e+01
9.983340066394293943e-01 -3.792192022443875970e-03 -5.757456440936778441e-02 -1.692182567748830246e+00 2.883574655898270018e-03 9.998701203812412341e-01 -1.585646133302524158e-02 -1.156585798730605852e+00 5.762721739306338187e-02 1.566402401896704877e-02 9.982152784680595747e-01 4.172795451774710074e+01
9.983854446451644327e-01 -4.320607588083752448e-03 -5.663776364535320906e-02 -1.751069265479622938e+00 3.437996983968923288e-03 9.998712820252738664e-01 -1.567161631336246377e-02 -1.190220835185691994e+00 5.669818425148481777e-02 1.545159316073333247e-02 9.982717887285905700e-01 4.285103089618093719e+01
9.984590580809543647e-01 -4.652501972438519325e-03 -5.529795259763053278e-02 -1.816132487684121610e+00 3.777076720946043187e-03 9.998660543627330144e-01 -1.592504394167005427e-02 -1.225980359259689179e+00 5.536463697648007221e-02 1.569163976442520744e-02 9.983428917030291450e-01 4.396127148710696986e+01
9.984991990203146983e-01 -4.606168650165963496e-03 -5.457227103718572531e-02 -1.882882164599997576e+00 3.741639835292106479e-03 9.998660528812911563e-01 -1.593350014685703323e-02 -1.259452457668764236e+00 5.463835362758275721e-02 1.570539735101172604e-02 9.983826875536825352e-01 4.506349380360315138e+01
9.985382199011416660e-01 -4.786781366211725376e-03 -5.383781311319633944e-02 -1.947440608521742833e+00 3.941536321293413574e-03 9.998674811475614099e-01 -1.579507629164357205e-02 -1.296928843299802736e+00 5.390628616485549501e-02 1.555978366761582785e-02 9.984247620347413976e-01 4.616967370150312178e+01
9.985705379168164919e-01 -3.934635404025513261e-03 -5.330477885478151351e-02 -2.022965312112988023e+00 3.068537305403408379e-03 9.998621089093500114e-01 -1.632014847212542863e-02 -1.330740975455869446e+00 5.336164243466574170e-02 1.613325173622042266e-02 9.984449175117728892e-01 4.729341978492983145e+01
9.986180571241816128e-01 -4.059894494136812720e-03 -5.239745453952571186e-02 -2.107928875424132986e+00 3.172337287386996912e-03 9.998502698005772293e-01 -1.701100396354566710e-02 -1.358389001095474669e+00 5.245867193953959728e-02 1.682127332900781869e-02 9.984814131980279672e-01 4.841117141127050161e+01
9.986438461886739670e-01 -4.254324832147687863e-03 -5.188804476673770233e-02 -2.178369612421920731e+00 3.404578562491023929e-03 9.998588283753265804e-01 -1.645394070522007701e-02 -1.393660815101556150e+00 5.195072005568575346e-02 1.625496970595894514e-02 9.985173501975589394e-01 4.951600601765552057e+01
9.986811107305734181e-01 -4.310801584763318886e-03 -5.116107953948446918e-02 -2.253266718588874618e+00 3.478175990000597576e-03 9.998602396056680552e-01 -1.635247832833692377e-02 -1.428109542384693453e+00 5.122442153632617012e-02 1.615296398166439842e-02 9.985565283912956058e-01 5.062844692322952511e+01
9.987078406893420413e-01 -3.787687852980499686e-03 -5.067842111156192070e-02 -2.329904547878012711e+00 2.940332828443776182e-03 9.998548094426912280e-01 -1.678435215246060208e-02 -1.459854731012941942e+00 5.073463697012521589e-02 1.661365267026541220e-02 9.985739748043016561e-01 5.173354911219541918e+01
9.987469634284057429e-01 -4.054669453338532840e-03 -4.988048414123286839e-02 -2.404281718529814427e+00 3.159560459170691980e-03 9.998327991879690790e-01 -1.801085355155156859e-02 -1.493635311612283578e+00 4.994517214150397122e-02 1.783068488798891099e-02 9.985927830983867270e-01 5.283068904840989433e+01
9.987166874546193895e-01 -4.826073160571068763e-03 -5.041514869086323458e-02 -2.459559669632986889e+00 3.955479192103685850e-03 9.998415835198196655e-01 -1.735402111732692321e-02 -1.530569016271428939e+00 5.049091387600216502e-02 1.713233441270072682e-02 9.985775637042615394e-01 5.391963151920741382e+01
9.986430976786822011e-01 -5.913435874804313930e-03 -5.173968240027714688e-02 -2.528448888619480694e+00 5.047876386174213886e-03 9.998453901262713828e-01 -1.684383528874652466e-02 -1.557464914315916049e+00 5.183128787438023855e-02 1.655980432852681081e-02 9.985185478887635968e-01 5.503534863068277616e+01
9.984699380929722423e-01 -8.155136742266110017e-03 -5.469256319950797918e-02 -2.592110667460444162e+00 7.236541632960452261e-03 9.998297658685972866e-01 -1.697267652259966744e-02 -1.591754895470961939e+00 5.482166715644155863e-02 1.655092226618556581e-02 9.983589794168868936e-01 5.612488269958920739e+01
9.981845731445657677e-01 -1.150600598398825170e-02 -5.911996077889902779e-02 -2.666814755664822734e+00 1.038575955189496164e-02 9.997613128687097284e-01 -1.922116774716378998e-02 -1.608760367967357885e+00 5.932700847617681378e-02 1.857226742567566827e-02 9.980658179438557376e-01 5.721691176163449910e+01
9.977857644978689322e-01 -1.376733589403695418e-02 -6.506941391917810125e-02 -2.748729892432359545e+00 1.243113533518770686e-02 9.997043793679476487e-01 -2.089547192157538077e-02 -1.654707888477351174e+00 6.533785303851676052e-02 2.004031773520218232e-02 9.976619420552186313e-01 5.830641269138764926e+01
9.972555512635844499e-01 -1.720054371114791009e-02 -7.201046292037152630e-02 -2.837415344210522772e+00 1.563139917680437044e-02 9.996291678609364739e-01 -2.229767076238352991e-02 -1.692364191058718825e+00 7.236729118697694807e-02 2.111085165721988954e-02 9.971546054191231523e-01 5.937107126548135483e+01
9.966958962144316647e-01 -1.744518389882597845e-02 -7.932815406933453606e-02 -2.932530280249598942e+00 1.580079967387316986e-02 9.996480557070129835e-01 -2.130960935482590149e-02 -1.729542881163066426e+00 7.967198503224369455e-02 1.998575192293992539e-02 9.966207626379743889e-01 6.044707541878807433e+01
9.962572463899704855e-01 -1.526245731204941072e-02 -8.507970623052499293e-02 -3.039575773327451103e+00 1.369355732738895305e-02 9.997258278750830174e-01 -1.899356646872404214e-02 -1.769755572053654191e+00 8.534626824411291335e-02 1.775743439459077574e-02 9.961930977579229740e-01 6.152830243372559949e+01
9.959262205996581852e-01 -1.217596708099175432e-02 -8.934600689300396803e-02 -3.143466970613782330e+00 1.058042575907506069e-02 9.997763751824454426e-01 -1.830994860198863552e-02 -1.810182463985533952e+00 8.954896823994573651e-02 1.729003911775129146e-02 9.958323336960238636e-01 6.259661122180732207e+01
9.956968472720706398e-01 -1.076176320696476882e-02 -9.204332015489823104e-02 -3.237826263782081160e+00 9.019456685514543048e-03 9.997725848710582452e-01 -1.932428372129875796e-02 -1.851910518076623102e+00 9.223035147692978941e-02 1.841094763776011251e-02 9.955674760022661385e-01 6.365921267922338700e+01
9.956259443227045702e-01 -8.484381780501513287e-03 -9.304296995112847080e-02 -3.340236019767424125e+00 6.506488043236071349e-03 9.997468011377516062e-01 -2.154064131303244992e-02 -1.895319076111663392e+00 9.320217060169323775e-02 2.084103837711039769e-02 9.954290564949859199e-01 6.471105219814717202e+01
9.956598798683008456e-01 -7.890395917803643550e-03 -9.273157646078311611e-02 -3.439978231482039739e+00 5.820796623427232190e-03 9.997283764446485144e-01 -2.256749117682673930e-02 -1.937468004426629697e+00 9.288445482054819013e-02 2.192977390690023509e-02 9.954353635817259072e-01 6.577221838468945236e+01
9.957773796058010385e-01 -9.410880420869497179e-03 -9.131727982758625073e-02 -3.538647190510122442e+00 7.394961163357896029e-03 9.997219785017622540e-01 -2.238928873177332968e-02 -1.973337620537171766e+00 9.150259457959662723e-02 2.161945952669443866e-02 9.955701251820369135e-01 6.682797423070930165e+01
9.960796352485917771e-01 -8.822001595259428008e-03 -8.802006890980504372e-02 -3.638536116506685847e+00 7.010568958661924158e-03 9.997576655879023555e-01 -2.086772678333644396e-02 -2.009912210841827918e+00 8.818283373712502982e-02 2.016884691997466311e-02 9.959000981263181895e-01 6.788542736394909127e+01
9.965182485551403735e-01 -1.030369171511509932e-02 -8.273580986269761517e-02 -3.731004238468874856e+00 8.704029864358508659e-03 9.997685984210683552e-01 -1.967204807062684913e-02 -2.046800110610262013e+00 8.291935938438586839e-02 1.888341992893678017e-02 9.963773362993919580e-01 6.894858313165747177e+01
9.970265056446491192e-01 -7.752794480400200007e-03 -7.666838474734082032e-02 -3.824195039245379402e+00 6.266637566762024714e-03 9.997881476556960134e-01 -1.960584251693837932e-02 -2.086336234538660239e+00 7.680414243794701779e-02 1.906709167484170464e-02 9.968638671952333441e-01 6.999451741899135016e+01
9.975888739596078247e-01 -8.018686943433927031e-03 -6.893576148637182988e-02 -3.905843365009821433e+00 6.654284745531014421e-03 9.997778500962826165e-01 -1.999927377132388814e-02 -2.127217224196855216e+00 6.908081532906322486e-02 1.949233481546458133e-02 9.974206183135150283e-01 7.104606291104153115e+01
9.982033592697352464e-01 -5.111956540716063903e-03 -5.969858828266133566e-02 -3.975630732744832585e+00 3.922320144578412583e-03 9.997917338681805433e-01 -2.002758831064416212e-02 -2.162088125711623565e+00 5.978853524966398769e-02 1.975744895433230452e-02 9.980155180474488130e-01 7.210925483543023518e+01
9.987778869183127073e-01 -3.056233389209895429e-03 -4.932942367858933475e-02 -4.033123754290778074e+00 2.066924894251339143e-03 9.997959645873396584e-01 -2.009370588896955412e-02 -2.202379412118627755e+00 4.938076978412361123e-02 1.996718889432271341e-02 9.985804178648742813e-01 7.316041335661502387e+01
9.992522818767216597e-01 -2.235406494807663704e-03 -3.859896529660493403e-02 -4.075804166286447483e+00 1.465559780398301712e-03 9.997996744928550061e-01 -1.996153848056515454e-02 -2.234680337678453643e+00 3.863585509207242974e-02 1.989004378537102130e-02 9.990553822784408178e-01 7.420816848337409510e+01
9.996323226827399377e-01 -1.211384618508053830e-03 -2.708785696981713675e-02 -4.118226330172993777e+00 6.816822392560438742e-04 9.998085372894638390e-01 -1.955566599294511140e-02 -2.271966175785903541e+00 2.710636008828760588e-02 1.953001050713975770e-02 9.994417561480789525e-01 7.524513212419387287e+01
9.998666398267697097e-01 -1.545476617648993041e-04 -1.633029934035312367e-02 -4.142627120622469405e+00 -1.710046169843719769e-04 9.998013193733135129e-01 -1.993219849395659951e-02 -2.307262600006610764e+00 1.633013530091726936e-02 1.993233288909651915e-02 9.996679592678026083e-01 7.629011703413891610e+01
9.999823047121689790e-01 -2.866290748396530799e-04 -5.942062462887844065e-03 -4.163718795439643294e+00 1.637931709950387889e-04 9.997864952450780107e-01 -2.066245622767906229e-02 -2.347976862712377599e+00 5.946716265010414983e-03 2.066111733031576747e-02 9.997688506831604593e-01 7.733611746802260711e+01
9.999960960904313856e-01 -1.579555503778107403e-03 2.304952994629880930e-03 -4.153113068692628751e+00 1.630157238286428700e-03 9.997540095198118593e-01 -2.211929104737036383e-02 -2.391357651068222179e+00 -2.269447350222395313e-03 2.212296213146649690e-02 9.997526814944059925e-01 7.839271592350449680e+01
9.999531261914611502e-01 -2.897655754183493283e-03 9.238452849603026248e-03 -4.152514643459725541e+00 3.106488486518170933e-03 9.997381512473283438e-01 -2.267109767649291147e-02 -2.430115758242030743e+00 -9.170340735611815300e-03 2.269873414321158661e-02 9.997002912468764269e-01 7.944916338501772657e+01
9.998861385806745439e-01 -7.121442624938613408e-03 1.330394412074593219e-02 -4.133230275998016623e+00 7.410552452853718872e-03 9.997346742918818974e-01 -2.180973935764256993e-02 -2.483830970295740403e+00 -1.314509743485103334e-02 2.190584564550080923e-02 9.996736169070306044e-01 8.051052665495221561e+01
9.998362100108237893e-01 -9.963736175698666500e-03 1.510884219962910398e-02 -4.116664914894748506e+00 1.028699198918900902e-02 9.997165565962305989e-01 -2.147054408230094497e-02 -2.512910336122054833e+00 -1.489063286118428968e-02 2.162245196079159645e-02 9.996553099064685588e-01 8.157555544808370485e+01
9.998077458039369425e-01 -1.229876715910511835e-02 1.527127227235990960e-02 -4.098442057784918546e+00 1.262153533709147769e-02 9.996951090798648076e-01 -2.122229317326020451e-02 -2.547924392092601575e+00 -1.500560815778497967e-02 2.141096000097549371e-02 9.996581428246621437e-01 8.264708750535588422e+01
9.998146046105356177e-01 -1.282330032323109568e-02 1.436382178594592177e-02 -4.088946322174837000e+00 1.310836685252260263e-02 9.997154222188766592e-01 -1.993101342613488869e-02 -2.587327167397833527e+00 -1.410415279050396785e-02 2.011560455351275867e-02 9.996981721137183641e-01 8.371874493064314038e+01
9.998183325230275420e-01 -1.411556330277742924e-02 1.280831072069473289e-02 -4.086744240822339336e+00 1.437043388871108406e-02 9.996960999347016541e-01 -2.002993772324802163e-02 -2.618230241397528246e+00 -1.252168442034717367e-02 2.021035991743572874e-02 9.997173344357322966e-01 8.478598886977668769e+01
9.998493947441083884e-01 -1.385194138845141990e-02 1.045521638279441924e-02 -4.077145421435462325e+00 1.407001439044056751e-02 9.996787669796807219e-01 -2.108073872135976523e-02 -2.653461781453744450e+00 -1.015984866486416456e-02 2.122466889627132661e-02 9.997231071178417361e-01 8.585450912841689330e+01
9.998815770102956746e-01 -1.329582703438331875e-02 7.749383128727889772e-03 -4.084938714996456888e+00 1.346581563916500121e-02 9.996603493031860355e-01 -2.231272821069199552e-02 -2.686313388611420105e+00 -7.450084870393788340e-03 2.241443763523751770e-02 9.997210056915484255e-01 8.696244211813963432e+01
9.998938386315792126e-01 -1.405828358944931702e-02 3.830943633618342104e-03 -4.078849672286682271e+00 1.414384512682724353e-02 9.996283140071734463e-01 -2.330633991437215322e-02 -2.714901036720458016e+00 -3.501872589582086335e-03 2.335804995487745367e-02 9.997210302832849615e-01 8.804667681582024841e+01
9.999018577015676978e-01 -1.400979181975329883e-02 -2.642197926338333099e-05 -4.084236732901720401e+00 1.400544360717736504e-02 9.996350819890902351e-01 -2.309871005123538198e-02 -2.758780764214057157e+00 3.500204565299052826e-04 2.309607303919955848e-02 9.997331888538305567e-01 8.913725971588043251e+01
9.998814096999145695e-01 -1.481388119470373327e-02 -4.208973801406921261e-03 -4.087891352882698115e+00 1.471280648379212283e-02 9.996247115593466237e-01 -2.310777715972714072e-02 -2.795063117211737946e+00 4.549710087710117160e-03 2.304311098446399850e-02 9.997241195321219243e-01 9.023626346768855910e+01
9.998760958149653932e-01 -1.332416146195310354e-02 -8.382108276448078932e-03 -4.107152681740277700e+00 1.313216814757761121e-02 9.996592909352552958e-01 -2.255766403168834450e-02 -2.825526400788820336e+00 8.679814373939321454e-03 2.244479378739268338e-02 9.997104040942438319e-01 9.132900111105543317e+01
9.998326615443418053e-01 -1.350112882027757963e-02 -1.234376076145742539e-02 -4.125859773451535872e+00 1.322319351959406510e-02 9.996632647201623145e-01 -2.232721035351620947e-02 -2.866144244030596422e+00 1.264104672490341981e-02 2.216025021530815958e-02 9.996745106523896585e-01 9.241144675743652215e+01
9.997899160812894204e-01 -1.303352623626517943e-02 -1.581932033992127645e-02 -4.149640776352570448e+00 1.269257706557210506e-02 9.996890265772409023e-01 -2.146505598602294410e-02 -2.898939235743626774e+00 1.609416632208617720e-02 2.125975858040661873e-02 9.996444370252359768e-01 9.353269270071285746e+01
9.997636552991507886e-01 -1.170608186682104042e-02 -1.831942112099677056e-02 -4.192032172806093193e+00 1.133459428578017895e-02 9.997306461090587071e-01 -2.025246164644634375e-02 -2.931756527293500891e+00 1.855156368767598915e-02 2.004003187850018908e-02 9.996270487572112007e-01 9.466622503299764446e+01
9.997451578153322416e-01 -1.031213313770844991e-02 -2.008181602710605237e-02 -4.224039888515280339e+00 9.915991356617031779e-03 9.997562285927137360e-01 -1.972705009597077938e-02 -2.969947755820144142e+00 2.028034862155615389e-02 1.952289169727730242e-02 9.996037035543463567e-01 9.577723746492742407e+01
9.997064274024011210e-01 -1.032694181433002449e-02 -2.191833212383346996e-02 -4.249301272945761987e+00 9.876978877468207269e-03 9.997402639848870232e-01 -2.053898380354575448e-02 -3.015491102385662980e+00 2.212474403425438579e-02 2.031646721730205954e-02 9.995487666248346059e-01 9.689586854518557857e+01
9.996635749580122798e-01 -1.054890366533642841e-02 -2.369509513856742772e-02 -4.263592709834427730e+00 1.003896971123299266e-02 9.997176380946022345e-01 -2.153748290044255054e-02 -3.056466732162156141e+00 2.391560137866611743e-02 2.129236280945258700e-02 9.994872081706140943e-01 9.800459841638480896e+01
9.996144220640664768e-01 -1.151597899562687051e-02 -2.526636953134704655e-02 -4.290040808793248672e+00 1.097415229497029562e-02 9.997090583720500412e-01 -2.147944576276994422e-02 -3.097976409600858627e+00 2.550637533890497827e-02 2.119388677522972622e-02 9.994499707241132347e-01 9.910819088758968576e+01
9.995921487504383363e-01 -1.112532813541968271e-02 -2.630139217533596779e-02 -4.318021524195694738e+00 1.058072603195820902e-02 9.997285923537531094e-01 -2.075547800028018294e-02 -3.136968479039087487e+00 2.652516527975324473e-02 2.046872502777618424e-02 9.994385658471561795e-01 1.002104090881432086e+02
9.995717661214408301e-01 -1.135335540358806822e-02 -2.697008887533720867e-02 -4.356256253340521134e+00 1.083079583361217305e-02 9.997522968143700561e-01 -1.944322185241603371e-02 -3.182602574328847300e+00 2.718415410628735596e-02 1.914278807988731637e-02 9.994471348851100556e-01 1.013119828996965452e+02
9.995653169600785537e-01 -1.179448672696826149e-02 -2.701975598234210643e-02 -4.393875037359202373e+00 1.127600080090790033e-02 9.997508863270645474e-01 -1.926180402213268153e-02 -3.218907186695148415e+00 2.724020808356402909e-02 1.894875645250872556e-02 9.994493062144117479e-01 1.024095386491530917e+02
9.995851064204566150e-01 -9.734447728901560876e-03 -2.710821922992754512e-02 -4.426177816208511473e+00 9.223990191120140167e-03 9.997789776065051370e-01 -1.889216612899850128e-02 -3.250231806787934996e+00 2.728613251009842297e-02 1.863428194229231269e-02 9.994539661781015605e-01 1.035143286841976504e+02
9.996034867279255387e-01 -7.891839048159194833e-03 -2.702939506929212185e-02 -4.458011348087287828e+00 7.421053006252879662e-03 9.998197808492585992e-01 -1.747380310118765503e-02 -3.289241233337147019e+00 2.716242429630147392e-02 1.726628793280823859e-02 9.994819047923630961e-01 1.046139306158225821e+02
9.995967776306827757e-01 -8.187799032224503393e-03 -2.718900692123757054e-02 -4.494528731251065778e+00 7.705139482396958055e-03 9.998117071573308090e-01 -1.780957766766949266e-02 -3.334776008956675142e+00 2.732970866862667950e-02 1.759290135684979037e-02 9.994716488454975512e-01 1.057057153983050739e+02
9.996035386004699097e-01 -8.537854568498206079e-03 -2.683040545325136167e-02 -4.535344674565496170e+00 8.005674676655470320e-03 9.997703177649610584e-01 -1.988016320658568536e-02 -3.370194020873296559e+00 2.699397692801568799e-02 1.965748599175640848e-02 9.994422987116839963e-01 1.067668658987787325e+02
9.995986230467961420e-01 -9.049872247150857543e-03 -2.684571875102714777e-02 -4.569289691353215055e+00 8.489536080012830346e-03 9.997452440233270954e-01 -2.091350831124154722e-02 -3.403853091674540199e+00 2.702814422218370247e-02 2.067720641306404483e-02 9.994207985402633332e-01 1.078430583464574539e+02
9.995851512484303925e-01 -1.162668076033619366e-02 -2.635044018891269380e-02 -4.619497430889653700e+00 1.107967518353047964e-02 9.997220398562237653e-01 -2.081066610030895062e-02 -3.445811113043617535e+00 2.658507478792745266e-02 2.051007850322169798e-02 9.994361262623605580e-01 1.089168073415030591e+02
9.995656329975269871e-01 -1.332418039462933933e-02 -2.628709849078591024e-02 -4.654994007303572268e+00 1.281091367409220062e-02 9.997258588130969459e-01 -1.959815581249451169e-02 -3.485972950343313670e+00 2.654102147785313351e-02 1.925288127079241227e-02 9.994623058133238480e-01 1.099870486645236127e+02
9.995652536241209640e-01 -1.333669681786157739e-02 -2.629517570457970410e-02 -4.692002364250281943e+00 1.287129395678101446e-02 9.997588992301521538e-01 -1.778969370148280466e-02 -3.531461582422183110e+00 2.652609166885333894e-02 1.744350676047922571e-02 9.994959182171150314e-01 1.110579194201941249e+02
9.995348303986685279e-01 -1.564398068647966655e-02 -2.617992910963356026e-02 -4.730884595534338821e+00 1.519642472569849266e-02 9.997364435630143875e-01 -1.720790770349059709e-02 -3.565337226011772387e+00 2.644222939656501806e-02 1.680206178588573504e-02 9.995091291350388651e-01 1.121236222691182434e+02
9.995290755612162847e-01 -1.611442428545397515e-02 -2.611421907099560277e-02 -4.766294780267377185e+00 1.569478889877908706e-02 9.997456604005452441e-01 -1.619531141103162930e-02 -3.600451861487637739e+00 2.636855531048942422e-02 1.577782748751870370e-02 9.995277682238812300e-01 1.131838617532761617e+02
9.995144373986625252e-01 -1.646268161983115499e-02 -2.645504763780058902e-02 -4.793261576468611729e+00 1.604923592548821235e-02 9.997469064981929776e-01 -1.576530917873591314e-02 -3.635979415217311939e+00 2.670789130280119480e-02 1.533307083324109317e-02 9.995256802508785121e-01 1.142251870884976626e+02
9.994764061502048325e-01 -1.724401398013243256e-02 -2.737804834028071191e-02 -4.817904786152961805e+00 1.682270214822906632e-02 9.997376380543587793e-01 -1.554515197492942029e-02 -3.666442476169633924e+00 2.763892620022926142e-02 1.507643987633284534e-02 9.995042724866934902e-01 1.152636124406846818e+02
9.994322655635277108e-01 -1.822879732594469629e-02 -2.833474013649563486e-02 -4.855818584654234549e+00 1.780149516669147364e-02 9.997250769304777407e-01 -1.526031867885625261e-02 -3.699981552823849995e+00 2.860512751908939055e-02 1.474725413084142581e-02 9.994819984247929057e-01 1.162759413921074128e+02
9.993724506874203106e-01 -1.918922771542851471e-02 -2.977378623393408044e-02 -4.891498330701433694e+00 1.876709380457863841e-02 9.997202752132453574e-01 -1.439331503451705269e-02 -3.736328401148935718e+00 3.004165436770616510e-02 1.382551508039167078e-02 9.994530274783371970e-01 1.172871300640915848e+02
9.993456898190075099e-01 -1.833951849877882637e-02 -3.117457780634683151e-02 -4.931826408635223480e+00 1.790506656343880676e-02 9.997394371775254474e-01 -1.415861375005065398e-02 -3.769407190499925342e+00 3.142611702915028282e-02 1.359116673421549744e-02 9.994136677849035921e-01 1.182809326839795006e+02
9.992749978897714769e-01 -1.920363940081865062e-02 -3.287398403235211597e-02 -4.975531171383105189e+00 1.872908680285170768e-02 9.997167737184586844e-01 -1.468310775983476361e-02 -3.797985018493581055e+00 3.314664236279842024e-02 1.405676277522667147e-02 9.993516435771517825e-01 1.192521984974343354e+02
9.992077015960258990e-01 -1.956358734294897858e-02 -3.465883900913194204e-02 -5.014953372467488180e+00 1.905202234366683636e-02 9.997055265713287175e-01 -1.502932424823216241e-02 -3.831454566529478356e+00 3.494266039961095582e-02 1.435709556340993009e-02 9.992861873813634332e-01 1.202136851383841645e+02
9.991515184012360606e-01 -1.905120461018816949e-02 -3.651431061110117782e-02 -5.053584576046559640e+00 1.851817432110589023e-02 9.997177781326263002e-01 -1.488090405109384826e-02 -3.860368886941714095e+00 3.678750462203662919e-02 1.419209950872213181e-02 9.992223295219232471e-01 1.211381066691970574e+02
9.990963562738186532e-01 -1.819804669968697400e-02 -3.840965993983376514e-02 -5.093384568626700748e+00 1.765538724143409302e-02 9.997401351871466613e-01 -1.442045066357313179e-02 -3.896334902487049501e+00 3.866210265534799490e-02 1.372928229375270856e-02 9.991580198476949226e-01 1.220679896858881790e+02
9.990358962488479211e-01 -1.688902949166019504e-02 -4.052207656438446687e-02 -5.135454835743369806e+00 1.632594584971391524e-02 9.997660737810359910e-01 -1.418665600359194506e-02 -3.930817321779478846e+00 4.075219623986190559e-02 1.351141736761446097e-02 9.990779249399652784e-01 1.229617277847720089e+02
9.989557093354972661e-01 -1.624173196752694975e-02 -4.270476470731827956e-02 -5.178304942852050452e+00 1.563970981282445175e-02 9.997740829973552623e-01 -1.439383353273360894e-02 -3.964075073197299570e+00 4.292889776110082878e-02 1.371091205910154875e-02 9.989840442307001966e-01 1.238426117668217046e+02
9.989044946644676237e-01 -1.432614595303297045e-02 -4.454853624145104635e-02 -5.224332094012003047e+00 1.369273191890287185e-02 9.998012356560479486e-01 -1.449131716706939313e-02 -3.989697241796000604e+00 4.474728630565814186e-02 1.386545068766024263e-02 9.989021121438819151e-01 1.247214262207272384e+02
9.988522200251920280e-01 -1.399320798301841896e-02 -4.580865290628046566e-02 -5.270136628369715304e+00 1.328436310857345967e-02 9.997878337875112376e-01 -1.574208077971797626e-02 -4.016301522480156372e+00 4.601921606833023204e-02 1.511547355591555571e-02 9.988261881887345872e-01 1.255727554039080331e+02
9.988134275664583006e-01 -1.226273420599317127e-02 -4.713132994872228088e-02 -5.306209441697676610e+00 1.147411712646598247e-02 9.997902171897637968e-01 -1.696662157922928724e-02 -4.055862734680394155e+00 4.732949977667525593e-02 1.640569905361527470e-02 9.987445977272930708e-01 1.264177843705762854e+02
9.987877707894925461e-01 -1.168238446500098789e-02 -4.781747394589756783e-02 -5.352227879673675304e+00 1.083512429485969548e-02 9.997803603378053738e-01 -1.793965340586694407e-02 -4.080889385953575754e+00 4.801654926032932619e-02 1.739979816031194879e-02 9.986949774686519898e-01 1.272562068959459651e+02
9.988175331405320101e-01 -1.051949031940688055e-02 -4.746446896869917220e-02 -5.400491499622848579e+00 9.699080778358714836e-03 9.998001330301871104e-01 -1.748204292623514733e-02 -4.110326489528064897e+00 4.763888457043863323e-02 1.700100927120975700e-02 9.987199318931434533e-01 1.280701073042450844e+02
9.988348981457096931e-01 -9.911871057389500320e-03 -4.722923944327243884e-02 -5.450006440327896051e+00 9.187482271971700656e-03 9.998371883290494422e-01 -1.553019651398397996e-02 -4.141293796108120873e+00 4.737548327722351099e-02 1.507818445312426349e-02 9.987633413065617471e-01 1.288802152107031418e+02
9.989075074790954023e-01 -7.639715744808439797e-03 -4.610234533337654456e-02 -5.488218194356098145e+00 7.009950253873260990e-03 9.998801146227463965e-01 -1.380641080952670074e-02 -4.171935426049033779e+00 4.620229539035484306e-02 1.346815226160288925e-02 9.988413071030458612e-01 1.296596677738116341e+02
9.990222168491377230e-01 -4.992232985068678630e-03 -4.392821247962900438e-02 -5.536485857890034445e+00 4.463727296490149939e-03 9.999165747953088212e-01 -1.212099782360465637e-02 -4.197648427618026368e+00 4.398505860465814349e-02 1.191306255502974643e-02 9.989611571828531655e-01 1.304164845019614916e+02
9.991686144630045341e-01 -3.249444841272359271e-03 -4.063890968396575987e-02 -5.570470657290695904e+00 2.863872505389814579e-03 9.999503693476810007e-01 -9.542383125233642668e-03 -4.220836400183775261e+00 4.066790019598836431e-02 9.418065069821908442e-03 9.991283310686320807e-01 1.311354787786156351e+02
9.993377104023131174e-01 -1.695024078657508078e-03 -3.634924292517985323e-02 -5.610190365559131642e+00 1.427983745560723692e-03 9.999718125863066298e-01 -7.371220745469637785e-03 -4.244670208111743115e+00 3.636071273068475912e-02 7.314432734587044890e-03 9.993119621236845607e-01 1.318390573334807527e+02
9.995265193754762079e-01 9.288924258330090011e-04 -3.075506826533089266e-02 -5.657629173383874388e+00 -1.100702257154231346e-03 9.999838820255719796e-01 -5.569932100802794592e-03 -4.279418741280607286e+00 3.074939868818622052e-02 5.601147018931711997e-03 9.995114314665879407e-01 1.325139958165350436e+02
