9.999995684110278837e-01 -4.486127916677464748e-04 8.135873162132373996e-04 3.179245861247181892e-03 4.484206567036230599e-04 9.999998715347415690e-01 2.363248080985680920e-04 -1.033816020935773849e-02 -8.136932300274340481e-04 -2.359598767447649995e-04 9.999996411130676055e-01 4.340383112430572510e-01
9.999971332046587724e-01 1.905708103840756404e-03 1.449778978697999036e-03 1.266171517120202091e-03 -1.902263776440184023e-03 9.999953740740339381e-01 -2.373441184802909526e-03 -1.015276579921313600e-02 -1.454295358227644793e-03 2.370676518597756265e-03 9.999961324514486938e-01 8.764396334669826150e-01
9.999938084960551254e-01 3.228526534369330694e-03 1.399852125054449259e-03 -7.573833560940521764e-03 -3.222015559204888507e-03 9.999840964724876491e-01 -4.628759859669063018e-03 -1.382917358602993654e-02 -1.414773936495830565e-03 4.624220855356620669e-03 9.999883074297367669e-01 1.313741418172003073e+00
9.999972385109014983e-01 2.264033083049388478e-03 -6.301783638165390795e-04 -1.048705091288818989e-02 -2.267204601690985758e-03 9.999845349127624017e-01 -5.078357864528051935e-03 -2.495136680202879667e-02 6.186710478403115729e-04 5.079772583984502009e-03 9.999869064925950291e-01 1.754484903553731101e+00
9.999939994526729770e-01 -6.086623200498345564e-04 -3.410364911253894755e-03 -1.601452581825951738e-02 5.853147284835061304e-04 9.999764158593720254e-01 -6.842889134912373376e-03 -1.907871955195226607e-02 3.414449489504935240e-03 6.840851937020205574e-03 9.999707717125835282e-01 2.185153199159362014e+00
9.999637983859041013e-01 -4.119371362912150995e-03 -7.445313775107392611e-03 -1.840770275530508038e-02 4.085956939973723820e-03 9.999815379560786921e-01 -4.497633030820995942e-03 -3.620273642030943928e-02 7.463703740105522358e-03 4.467048977755985924e-03 9.999621685843472774e-01 2.601637309847067314e+00
9.999172560299243173e-01 -6.002392173986906103e-03 -1.137771425975647212e-02 -3.366088531402683381e-02 5.956792301364388989e-03 9.999741073375539857e-01 -4.037484357864348436e-03 -4.112085257059606980e-02 1.140165422495397797e-02 3.969375599669817956e-03 9.999271205134320217e-01 3.023760951474856906e+00
9.998646126097805453e-01 -4.298896349313229351e-03 -1.588319680894074992e-02 -4.005953431768172202e-02 4.233419614195005169e-03 9.999824122488009115e-01 -4.153715377683472702e-03 -4.251947860673493257e-02 1.590077385110024236e-02 4.085912780091683662e-03 9.998652262718660255e-01 3.450015285499291373e+00
9.997748181478043339e-01 -3.634378379846411010e-03 -2.090703927669751439e-02 -4.520368771530616087e-02 3.566047355372530155e-03 9.999881811275748156e-01 -3.304680230116143966e-03 -5.808050183096118840e-02 2.091880263744816046e-02 3.229380583979674525e-03 9.997759623021847952e-01 3.875189680823881488e+00
9.996631677500198432e-01 -3.716081900050021043e-03 -2.568543905227717999e-02 -5.538070193436839261e-02 3.623130000008320181e-03 9.999867222881722029e-01 -3.664447620124692846e-03 -6.888300017974914591e-02 2.569871539589410614e-02 3.570151631194180830e-03 9.996633583583682814e-01 4.276359443009036809e+00
9.995464162466144442e-01 -3.445104197588310779e-03 -2.991810531464120931e-02 -7.252912987582943449e-02 3.354797642981829312e-03 9.999896659023663759e-01 -3.068129926836483598e-03 -7.702521746476061193e-02 2.992836616530956950e-02 2.966369083756353799e-03 9.995476444638016211e-01 4.675314305898781164e+00
9.994368031889406812e-01 -5.188725842991580121e-03 -3.315348481829962640e-02 -9.859807330317393870e-02 5.101102924010190998e-03 9.999832710121099311e-01 -2.726984576275382020e-03 -9.210744761253333857e-02 3.316707976939795022e-02 2.556329408910460160e-03 9.994465518473329979e-01 5.080000208804376527e+00
9.992504173731941997e-01 -5.260318495290808305e-03 -3.835273691440483496e-02 -1.128799999275855032e-01 5.122368315283560083e-03 9.999800567009835550e-01 -3.694258131199902682e-03 -1.008124040728678728e-01 3.837140500867838172e-02 3.495032135111065912e-03 9.992574343121168878e-01 5.468820387229601288e+00
9.990652964568254024e-01 -5.855668964947939766e-03 -4.282808140237848865e-02 -1.337267953539313659e-01 5.683975215733967981e-03 9.999753191860726309e-01 -4.129581632425567868e-03 -1.055993392499323114e-01 4.285120583347374473e-02 3.882287944613354875e-03 9.990739221894106015e-01 5.846062752624306746e+00
9.989070705737138622e-01 -5.019913110981482664e-03 -4.647004228747782933e-02 -1.531350504351717268e-01 4.868760082860306912e-03 9.999824847628733249e-01 -3.365314654747054643e-03 -1.115232770799158418e-01 4.648612194082581833e-02 3.135385116394068077e-03 9.989140152320792332e-01 6.231652766962652912e+00
9.987466695279252349e-01 -3.155046838702575598e-03 -4.995133417961338668e-02 -1.811748275779311579e-01 3.015565033688325999e-03 9.999913419521277991e-01 -2.867470716595617915e-03 -1.160068404813434928e-01 4.995994870299023949e-02 2.713245331430604729e-03 9.987475365803744065e-01 6.583293396944206677e+00
9.985632770325900687e-01 -3.868625774683508850e-03 -5.344544411407709666e-02 -1.990474955457520734e-01 3.772165558564455606e-03 9.999910697026794804e-01 -1.905592267474454267e-03 -1.295164124162038743e-01 5.345233885373271154e-02 1.701249395747952585e-03 9.985689526625386447e-01 6.930442267061519779e+00
9.985017720643968309e-01 -1.855095673228195378e-03 -5.468793106621566008e-02 -2.331799697024383444e-01 1.709349375035773902e-03 9.999948623659365987e-01 -2.711709137351066799e-03 -1.269856726998986607e-01 5.469268057952590689e-02 2.614165598178222125e-03 9.984998131343096883e-01 7.255062083736638634e+00
9.983819001913191160e-01 -6.384831675297360882e-04 -5.686100341724854151e-02 -2.570051312041264913e-01 4.434446698218097037e-04 9.999939757616037594e-01 -3.442643944076621138e-03 -1.255941389998551372e-01 5.686285894321859574e-02 3.411858693683255620e-03 9.983761688326990846e-01 7.572005227549248652e+00
9.982912178474366849e-01 -2.426835004659841106e-03 -5.838454282207510004e-02 -2.662390106609652252e-01 2.201580441214076849e-03 9.999898849006032542e-01 -3.922134627853396741e-03 -1.354474801175402920e-01 5.839347063022908013e-02 3.786894286655063252e-03 9.982864629050213212e-01 7.905720850569883495e+00
9.981509616997307210e-01 -3.197601764005283519e-03 -6.069953048304790877e-02 -2.790133705999375824e-01 2.938297870152393153e-03 9.999861752355740929e-01 -4.360704456111226014e-03 -1.464494356427921140e-01 6.071263512259938988e-02 4.174288045418130151e-03 9.981465580042763186e-01 8.199498722441342480e+00
9.980614825014666458e-01 -4.519719350403073044e-03 -6.207132416799979180e-02 -3.040316305776100680e-01 4.263929116245391421e-03 9.999818663381049300e-01 -4.252752455949010586e-03 -1.613230712874352824e-01 6.208941983516157864e-02 3.979840694492381252e-03 9.980626557549278077e-01 8.474407829927205427e+00
9.979489260651160931e-01 -7.288429124051213660e-03 -6.359889752492449422e-02 -3.186343901745475882e-01 6.958987690193764800e-03 9.999612056594470166e-01 -5.399969114022071422e-03 -1.721397981700889257e-01 6.363578753979473590e-02 4.946309433137277209e-03 9.979609313831787620e-01 8.762257715626921240e+00
9.980114209548852644e-01 1.098145882770859907e-03 -6.302378693185177461e-02 -3.660356276979765955e-01 -1.500088018659889505e-03 9.999788359992708431e-01 -6.330662641408400272e-03 -1.749361791273759403e-01 6.301550110526432658e-02 6.412614846005048642e-03 9.979919463559258075e-01 9.004534247220128407e+00
9.979647191952627505e-01 2.382553019009704762e-03 -6.372395689717112732e-02 -3.772057524598296796e-01 -2.867486918764770246e-03 9.999676164857240757e-01 -7.519541118333201123e-03 -1.748973640979606947e-01 6.370397758611018313e-02 7.686964353449191913e-03 9.979392335301469075e-01 9.286593749578127444e+00
9.979270328092015863e-01 2.320711187643425578e-03 -6.431369596133047761e-02 -3.919177907562911845e-01 -2.864100603216476401e-03 9.999609684584327418e-01 -8.358138991884823607e-03 -1.907958183431853194e-01 6.429178887196687620e-02 8.525013739376441704e-03 9.978947289290517331e-01 9.526076636160073718e+00
9.978627333396181687e-01 1.909640783463172151e-03 -6.531706273298351628e-02 -4.013262986050815107e-01 -2.530299636168458800e-03 9.999524215197249655e-01 -9.420842881040045191e-03 -1.970868436738313911e-01 6.529596462062242646e-02 9.565979767706563747e-03 9.978200885106222051e-01 9.779832940524768148e+00
9.978336102388088991e-01 1.466922549680831295e-03 -6.577183603958766667e-02 -4.215763612214792899e-01 -2.187541519255369916e-03 9.999383565542561136e-01 -1.088566735091149075e-02 -2.058563466575651923e-01 6.575181320607591251e-02 1.100596337475299655e-02 9.977753092907775123e-01 1.002610018940536207e+01
9.977670743539521769e-01 3.839760056160475797e-03 -6.667924398091215621e-02 -4.451660266883663564e-01 -4.579684676493988096e-03 9.999295872367994775e-01 -1.094746805007418278e-02 -2.244491466163255899e-01 6.663251326056059132e-02 1.122839307980547097e-02 9.977144037075070804e-01 1.026084708646335208e+01
9.976716734495081340e-01 1.482839363359815012e-03 -6.818381907667341035e-02 -4.579989651407815887e-01 -2.241355329991557080e-03 9.999364413097932003e-01 -1.104941930560329744e-02 -2.042970066619026193e-01 6.816310088855098703e-02 1.117651681557322620e-02 9.976115863145978979e-01 1.049924928647500799e+01
9.976451819044237501e-01 3.278046138347546264e-03 -6.850799541954434579e-02 -4.789270153887254522e-01 -3.833201033704940371e-03 9.999608632141531173e-01 -7.973619619778229972e-03 -2.107470021374732438e-01 6.847917634379553642e-02 8.217448114869588260e-03 9.976187026884343334e-01 1.075095478764959189e+01
9.976236048694046010e-01 2.248294964833761136e-03 -6.886282144325429899e-02 -4.962230612513650052e-01 -2.631326478704157281e-03 9.999815662977068476e-01 -5.472036709241710067e-03 -2.204095179715030994e-01 6.884924929392396975e-02 5.640233553313342765e-03 9.976111309709446706e-01 1.100812577219418031e+01
9.976176939395463572e-01 2.869767600651688825e-04 -6.898445029918881533e-02 -5.082421383267647919e-01 -7.552981171798615759e-04 9.999768467026377561e-01 -6.762808839783316164e-03 -2.276417333232080564e-01 6.898091231272789059e-02 6.798801584724278695e-03 9.975948125534311872e-01 1.125194460636613947e+01
9.976664416633466148e-01 -5.951564679068388226e-04 -6.827383809026214834e-02 -5.375067329968117313e-01 -5.288120360565804693e-05 9.999549718819332744e-01 -9.489542253457590101e-03 -2.406959391516723112e-01 6.827641161026937189e-02 9.471008255754002556e-03 9.976214871484296864e-01 1.146870373485525718e+01
9.976889187774679035e-01 2.044653202775675600e-03 -6.791642468451719594e-02 -5.583264966027787768e-01 -2.761205899537306704e-03 9.999414980482856929e-01 -1.045830879876293550e-02 -2.574584917882078439e-01 6.789106782653869798e-02 1.062167003019304397e-02 9.976361977370016287e-01 1.168730254888807885e+01
9.976849286135558437e-01 2.919615551497195972e-03 -6.794305749961310203e-02 -5.769215701493676240e-01 -3.726471445594058476e-03 9.999240018466681867e-01 -1.175176333616817677e-02 -2.526596722919520199e-01 6.790358332171761435e-02 1.197774502882701514e-02 9.976199862653588601e-01 1.192384666619462585e+01
9.976959359009094364e-01 5.925081984349407985e-03 -6.758485695987985487e-02 -6.023409974740325801e-01 -6.733656615539685385e-03 9.999083837552089626e-01 -1.174231513073110272e-02 -2.644479802699983839e-01 6.750909090924479827e-02 1.217035330317637817e-02 9.976444282133203334e-01 1.213149419393760731e+01
9.977609045597116699e-01 6.960075945358103460e-04 -6.687819454511750861e-02 -6.139279807126301058e-01 -1.485400496070052225e-03 9.999298108863665657e-01 -1.175444112329170933e-02 -2.694911729700242287e-01 6.686531924362963675e-02 1.182746271112299942e-02 9.976919064562287387e-01 1.237958409790586067e+01
9.977921906263657048e-01 2.482491587169855462e-05 -6.641343018367648621e-02 -6.315422783378468186e-01 -7.740846318346949941e-04 9.999363491460774300e-01 -1.125604057366815479e-02 -2.640630499417767618e-01 6.640892348187306393e-02 1.128259899743221627e-02 9.977286995179809326e-01 1.261584888796743620e+01
9.978521828377096003e-01 2.907188556887031934e-03 -6.544134366524807789e-02 -6.514868652081318157e-01 -3.856837842967619431e-03 9.998890230077337460e-01 -1.438980439381410542e-02 -2.702303049126733026e-01 6.539224730708870226e-02 1.461129437571785129e-02 9.977526567585747186e-01 1.285391148280926465e+01
9.979111295805497273e-01 5.041700182317858381e-03 -6.440464826814099042e-02 -6.749520487943728719e-01 -6.482590127273464217e-03 9.997329072072919098e-01 -2.218310780971611065e-02 -2.754308375726845504e-01 6.427560567208304154e-02 2.255427910901449534e-02 9.976772779859021112e-01 1.310886918687218206e+01
9.979956923842607797e-01 2.938796037059967104e-03 -6.321361768094370392e-02 -6.904878560778213714e-01 -4.842661544361460263e-03 9.995385916721736264e-01 -2.998586979185636700e-02 -2.749464510324347022e-01 6.309632803600155604e-02 3.023189104009146519e-02 9.975494404552152083e-01 1.335348245558175506e+01
9.980864717343574943e-01 -1.820150852519420055e-03 -6.180681185545611883e-02 -7.029644905786989195e-01 -2.071064862487296545e-04 9.994626465194782483e-01 -3.277766494403322461e-02 -2.760826524940637183e-01 6.183326004477709276e-02 3.272774454731068594e-02 9.975497695298619627e-01 1.365084307727187429e+01
9.981575801344992893e-01 -3.510470126485424041e-03 -6.057327644705892689e-02 -7.147369584802497622e-01 1.795676520444499085e-03 9.995967101218307116e-01 -2.834065382883761350e-02 -3.092604765866971417e-01 6.064833687641145443e-02 2.817966843493971071e-02 9.977613369543950617e-01 1.397109734528581626e+01
9.981774730368140336e-01 -4.220538896543079600e-03 -6.019899810846432442e-02 -7.120035954859432747e-01 2.657857971831991198e-03 9.996580172950682019e-01 -2.601507733399906208e-02 -3.230277016970147796e-01 6.028820873804170699e-02 2.580766376708960863e-02 9.978473311975348814e-01 1.430836513534570820e+01
9.983002390056903153e-01 -5.663879740740862881e-03 -5.800476935100840059e-02 -7.196698926994170575e-01 4.245181493793124226e-03 9.996895311519350402e-01 -2.455238764984779554e-02 -3.410693127734417684e-01 5.812582244808248838e-02 2.426441368560278145e-02 9.980143420779221675e-01 1.458445118988058375e+01
9.983926472030421051e-01 -6.537535602743232629e-03 -5.629727026370429099e-02 -7.405162523927448781e-01 5.230946545206233665e-03 9.997142519836176300e-01 -2.332491327049755411e-02 -3.601945480542455558e-01 5.643367088133546816e-02 2.299293389452295930e-02 9.981415559838089369e-01 1.493826011923680497e+01
9.984988831527870090e-01 -8.643460596797608239e-03 -5.408577383701308056e-02 -7.656029364983745200e-01 7.346609917048082042e-03 9.996818172463147745e-01 -2.413071880056377044e-02 -3.860182902677039563e-01 5.427713759368349433e-02 2.369714868959467077e-02 9.982446781619321863e-01 1.528368784565341976e+01
9.986064964671753641e-01 -7.443865656427586797e-03 -5.224609150589308582e-02 -7.807273394443129400e-01 6.084558454126977670e-03 9.996400776264128263e-01 -2.612840124227111538e-02 -3.883941897712076541e-01 5.242178327729232062e-02 2.577409682506568919e-02 9.982923682823988676e-01 1.569849226599944636e+01
9.986769808936936110e-01 -8.884223455064772443e-03 -5.064936728782926112e-02 -7.961195965237941596e-01 7.623283645977199478e-03 9.996575203853469427e-01 -2.503452582878169796e-02 -4.084836706936869066e-01 5.085443323359258028e-02 2.461529017946850403e-02 9.984026813414869084e-01 1.609230205694550264e+01
9.987589643562758690e-01 -8.153791815714852079e-03 -4.913295021678597274e-02 -8.158885567673070938e-01 6.981664337656620818e-03 9.996880397175685884e-01 -2.398081751568671705e-02 -4.098539379469280930e-01 4.931315728135320098e-02 2.360802670005171869e-02 9.985043182652113547e-01 1.649992301438280506e+01
9.988393695653878801e-01 -3.794940713714730230e-03 -4.801574982438601424e-02 -8.379989299639377665e-01 2.667128863850570016e-03 9.997195574891177827e-01 -2.353067779273449595e-02 -3.878619324791503509e-01 4.809158169412030420e-02 2.337530317966514740e-02 9.985693741405335944e-01 1.696222760432550558e+01
9.988725860920935062e-01 -2.508731810560018566e-03 -4.740530580427051305e-02 -8.590409617581525881e-01 1.429590544167959288e-03 9.997393808219428024e-01 -2.278435218815595339e-02 -3.931185515831155386e-01 4.745011090155366179e-02 2.269089461569520627e-02 9.986158471989968755e-01 1.737387923846279136e+01
9.988712766187006764e-01 -2.870445669383117192e-03 -4.741237483808201369e-02 -8.799217201294702306e-01 1.809860954273036183e-03 9.997475138188217647e-01 -2.239716536552392376e-02 -4.094725664100368201e-01 4.746469371494845685e-02 2.228607535533222439e-02 9.986242705321172197e-01 1.779456460281138774e+01
9.987645858454873293e-01 5.174968127213365118e-04 -4.968937771739036224e-02 -8.906925845769830818e-01 -1.631081462110721804e-03 9.997483628487604523e-01 -2.237298716056542944e-02 -4.144369353465506833e-01 4.966529607438802119e-02 2.242639467840718340e-02 9.985141036498044187e-01 1.824819452037600698e+01
9.987567004460176090e-01 2.408052816401414289e-03 -4.979211379142121224e-02 -9.314317732416091955e-01 -3.440753164159855368e-03 9.997805366972654095e-01 -2.066493791403581012e-02 -4.242387894160803419e-01 4.973142398773372497e-02 2.081056757902224538e-02 9.985457955172570843e-01 1.867343271003979055e+01
9.987218550302254805e-01 -2.702759535088929219e-03 -5.047129259174368276e-02 -9.478083543749180606e-01 1.757504581329878343e-03 9.998224041621576186e-01 -1.876356344219787947e-02 -4.548194304162901380e-01 5.051304250025448472e-02 1.865087736001354995e-02 9.985492362978751757e-01 1.912319870819719370e+01
9.986671760114737006e-01 1.597990042897421163e-03 -5.158796356798515254e-02 -9.751060207656319090e-01 -2.526128566269999088e-03 9.998360320788352018e-01 -1.793119157548591844e-02 -4.778829062296523489e-01 5.155085093124685269e-02 1.803761028165602395e-02 9.985074633589836601e-01 1.959726204031336039e+01
9.985944661085122132e-01 5.508660615170163366e-03 -5.271382091712934620e-02 -1.011144223935576347e+00 -6.511781162525398861e-03 9.998006123585783111e-01 -1.887676438118832470e-02 -4.914830572894964833e-01 5.259932474421784299e-02 1.919349331514182480e-02 9.984312299056027351e-01 2.006368623647927407e+01
9.985447704149953418e-01 7.166130531652228040e-03 -5.345080027528314320e-02 -1.035505884952067523e+00 -8.202072479440832009e-03 9.997822667153484222e-01 -1.918710943737387056e-02 -4.903587525113823897e-01 5.330166492621860735e-02 1.959759512601186304e-02 9.983861311042790954e-01 2.055814627185836230e+01
9.985091731545376881e-01 8.341065306202466098e-03 -5.394309738789165865e-02 -1.067602327461521172e+00 -9.158421729907370579e-03 9.998467050943636858e-01 -1.492278872602538151e-02 -5.069623293400089548e-01 5.381035623055338557e-02 1.539457506727922795e-02 9.984324977788131550e-01 2.103582578066042075e+01
9.984094761202259027e-01 1.045074823222537364e-02 -5.540126221236216925e-02 -1.078257145190438804e+00 -1.102078320347138138e-02 9.998893281760595775e-01 -9.993684866478350082e-03 -5.189276262558508712e-01 5.529068936917273802e-02 1.058835497209238349e-02 9.984141557530459288e-01 2.154820317573870625e+01
9.984445407116414595e-01 8.677897761784621883e-03 -5.507443339295865076e-02 -1.115731799782253120e+00 -8.995271177154415265e-03 9.999443204332483237e-01 -5.517348071211081346e-03 -5.253140034192552710e-01 5.502348788989005340e-02 6.004175524204389582e-03 9.984670077958042178e-01 2.202877088895942137e+01
9.983258564726592565e-01 1.050192021515252219e-02 -5.687876554502416943e-02 -1.132048124287781565e+00 -1.075479854101535002e-02 9.999335884068923930e-01 -4.141628189227242011e-03 -5.308345703800506632e-01 5.683149308678620698e-02 4.746414173899963888e-03 9.983725020982986420e-01 2.253455421949762183e+01
9.982576735985220218e-01 1.782016184056328667e-02 -5.624996829904003320e-02 -1.190755558603916908e+00 -1.808748563355704747e-02 9.998273886462683002e-01 -4.246854864470328214e-03 -5.311490058967618388e-01 5.616457927486630253e-02 5.256875950613629743e-03 9.984076849113883156e-01 2.297735230440106946e+01
9.983005340897278534e-01 1.253429547259216938e-02 -5.691164268557036970e-02 -1.212851028265251818e+00 -1.277685154045268313e-02 9.999107666868741751e-01 -3.900093380996370613e-03 -5.559059726587894934e-01 5.685767934832997722e-02 4.620616914765299232e-03 9.983716012579936239e-01 2.353045802662743213e+01
9.981760233142256133e-01 1.338839304307683740e-02 -5.886745630926204509e-02 -1.233278668959354674e+00 -1.375308619461203773e-02 9.998886328406517698e-01 -5.794353818657548352e-03 -5.568600754387671437e-01 5.878332332151996881e-02 6.593394253062016472e-03 9.982489910095087016e-01 2.403502222638731922e+01
9.982199733503782646e-01 8.927548290670774336e-03 -5.896764948586588617e-02 -1.268735403683422192e+00 -9.425958968900463239e-03 9.999221202832326849e-01 -8.179527235772258292e-03 -5.662282718253652813e-01 5.889003397763326736e-02 8.720794103857542820e-03 9.982263829654633991e-01 2.452016652522210904e+01
9.981374166050603902e-01 1.264732045851746194e-02 -5.968033895845451658e-02 -1.314789141766318892e+00 -1.316657431933002456e-02 9.998787406857289062e-01 -8.315362013422453874e-03 -5.607679484798324676e-01 5.956793511336460484e-02 9.085659576512628705e-03 9.981829050311322726e-01 2.501663434385609008e+01
9.981891996762068953e-01 1.029662765757345146e-02 -5.926466998689300381e-02 -1.354125988135819414e+00 -1.075110176322245474e-02 9.999151567881587876e-01 -7.354796814915734969e-03 -5.838430592202983327e-01 5.918391217764230189e-02 7.978639244454723001e-03 9.982152101902458385e-01 2.549867423596660387e+01
9.982166508948961958e-01 1.341115944054210342e-02 -5.816922449747453927e-02 -1.394858247037527255e+00 -1.386660097709193663e-02 9.998762262010632007e-01 -7.433011184073570407e-03 -5.860688212050813028e-01 5.806233937346431950e-02 8.226364955483575839e-03 9.982790650244551811e-01 2.600272070567222471e+01
9.982360612035505731e-01 1.415604378475724366e-02 -5.765737192402969891e-02 -1.425195869644524160e+00 -1.459542493506086648e-02 9.998675107643639759e-01 -7.206558737678255347e-03 -5.995355664080576075e-01 5.754771658186669248e-02 8.035380653002022200e-03 9.983104191452552012e-01 2.653247814729900611e+01
9.982876353473744135e-01 1.467663798343585985e-02 -5.662502459206007061e-02 -1.453761497530534408e+00 -1.513736940522095523e-02 9.998556498313496688e-01 -7.716187388839758354e-03 -6.044476804635137146e-01 5.650360307129200649e-02 8.560128377131796459e-03 9.983656980496323774e-01 2.704755719086352528e+01
9.983397391888598760e-01 1.302841204242618373e-02 -5.610726901189014987e-02 -1.476799898991834059e+00 -1.349058887212746527e-02 9.998780536777406303e-01 -7.866497663923147435e-03 -6.126193316420920354e-01 5.599793896388575304e-02 8.610357325108067977e-03 9.983937562798215204e-01 2.757718476969966659e+01
9.983968894852689457e-01 1.121752895468532130e-02 -5.547808675766553732e-02 -1.491077229001200655e+00 -1.164751335110207967e-02 9.999045364870556840e-01 -7.433259402312161236e-03 -6.319647042748099963e-01 5.538940782203909119e-02 8.067524822209090271e-03 9.984322353291522623e-01 2.813514177754032630e+01
9.984979825546412835e-01 8.382930385357633199e-03 -5.414337736479058610e-02 -1.519976986091771565e+00 -8.788045275116524585e-03 9.999351125459043921e-01 -7.248514196139651568e-03 -6.474505397262499962e-01 5.407910034897372986e-02 7.713441252993607535e-03 9.985068621343987649e-01 2.866074313803992979e+01
9.986066416820396086e-01 6.969297429370247855e-03 -5.230873810234843574e-02 -1.555332546788609216e+00 -7.380024189633314045e-03 9.999434057769623907e-01 -7.662929343860975899e-03 -6.576372706959335845e-01 5.225237249617984553e-02 8.038291890044279089e-03 9.986015598986472952e-01 2.918146555943721054e+01
9.986428702161821436e-01 7.751918471975768367e-03 -5.150073326070229995e-02 -1.581437334265636485e+00 -8.198064857503009270e-03 9.999306303106584304e-01 -8.457322219293678459e-03 -6.625907651691277378e-01 5.143160019849996045e-02 8.868050886898719981e-03 9.986371454009157489e-01 2.972527775207690581e+01
9.987141411106553734e-01 7.621082431470901052e-03 -5.011969122190519654e-02 -1.620197882126013900e+00 -8.069753910590714632e-03 9.999291054926415789e-01 -8.755744429083306413e-03 -6.757494932053585979e-01 5.004940976104414047e-02 9.148939351511897744e-03 9.987048380233841671e-01 3.025422006873069947e+01
9.987896976497282475e-01 6.763161902662180418e-03 -4.871754827413914829e-02 -1.654963206436105949e+00 -7.233787533377051063e-03 9.999287991774764572e-01 -9.490463287488922622e-03 -6.854942400140656700e-01 4.864989400488614613e-02 9.831389350829061388e-03 9.987675062779857171e-01 3.079243221144544052e+01
9.988104435249955948e-01 6.212722842058400821e-03 -4.836424278627599743e-02 -1.673888644651251756e+00 -6.639657439115465541e-03 9.999403553037939929e-01 -8.671838560120947309e-03 -7.035258994159837576e-01 4.830748238620267282e-02 8.982644922814636904e-03 9.987921201309599706e-01 3.134797484336476359e+01
9.988355194443887530e-01 6.667406558481523901e-03 -4.778232713088184647e-02 -1.703545202926242119e+00 -7.101936372432052745e-03 9.999349071361438579e-01 -8.929949070003641298e-03 -7.151128880632282581e-01 4.771967724137093914e-02 9.258897364959271445e-03 9.988178538770545734e-01 3.189506030630957767e+01
9.988559360148538957e-01 6.552673482932045226e-03 -4.736962695775582405e-02 -1.735742962143180135e+00 -7.012016709651928623e-03 9.999299329452051577e-01 -9.537338300637384150e-03 -7.256731962760443189e-01 4.730381284372782436e-02 9.858583591131222720e-03 9.988318965772082780e-01 3.245016998238160966e+01
9.988795924792983616e-01 4.202212875507725653e-03 -4.713704631540158174e-02 -1.764021248666669983e+00 -4.663303298909353585e-03 9.999423105991875893e-01 -9.676211856916090703e-03 -7.420608066840692629e-01 4.709366550539231117e-02 9.885184899963147392e-03 9.988415639072897312e-01 3.301896149749384080e+01
9.988704884382126892e-01 3.305588154137739394e-03 -4.740063727590626552e-02 -1.795821313738614089e+00 -3.830781911963599805e-03 9.999322336053386717e-01 -1.099333011334688651e-02 -7.446129479261018869e-01 4.736108568381623002e-02 1.116249452377339815e-02 9.988154615737872000e-01 3.359299665654782530e+01
9.988776514311913379e-01 3.058091803071808466e-03 -4.726611413932389760e-02 -1.825407587813789201e+00 -3.601653001421763547e-03 9.999283131623152299e-01 -1.141913446910863134e-02 -7.639716757408758774e-01 4.722780501955345378e-02 1.157655436173562688e-02 9.988170592366478751e-01 3.416451179268756277e+01
9.988454257052594709e-01 4.169173370173264413e-03 -4.785847407814773635e-02 -1.848754810743505006e+00 -4.740744151562565310e-03 9.999187180710796818e-01 -1.183564936864821802e-02 -7.726481284671590233e-01 4.780523917489301611e-02 1.204886901321429622e-02 9.987840026066366894e-01 3.474431851733067589e+01
9.988862196882057898e-01 3.096455270542931501e-03 -4.708218433508988554e-02 -1.895167358843289573e+00 -3.640382458952559283e-03 9.999275750919657257e-01 -1.147136374862535099e-02 -8.050984666428330216e-01 4.704325384747962829e-02 1.162998432751532682e-02 9.988251477270602141e-01 3.530432567091315121e+01
9.988672602937579414e-01 4.462421280814097939e-03 -4.737386525875682264e-02 -1.919061751604712374e+00 -5.050939773907831866e-03 9.999114668677755446e-01 -1.231041972205310434e-02 -8.038052469720209370e-01 4.731473682313645096e-02 1.253575776111262759e-02 9.988013668676631873e-01 3.594084926792515944e+01
9.988421141748264898e-01 4.278346288947880958e-03 -4.791791631315946154e-02 -1.949828761992084436e+00 -4.880439513968869505e-03 9.999105212141239374e-01 -1.245515457346244720e-02 -8.172311445341392533e-01 4.786034121183840861e-02 1.267459341873327858e-02 9.987736192054516016e-01 3.652301329200506075e+01
9.987999425405924558e-01 3.374123564179154055e-03 -4.885990248744925130e-02 -1.960991379102035248e+00 -3.988399968825715944e-03 9.999141653726677514e-01 -1.248016637585818746e-02 -8.262988906938041334e-01 4.881359899247410261e-02 1.266006229266195340e-02 9.987276682740635625e-01 3.716273573920928897e+01
9.987735146859361146e-01 2.696499824530851786e-03 -4.943880308622599501e-02 -1.991937808732739068e+00 -3.258526626555832695e-03 9.999309446037402127e-01 -1.129105965333214098e-02 -8.436134374197771235e-01 4.940494272971429623e-02 1.143830899072861840e-02 9.987133306015828493e-01 3.776551124027242423e+01
9.987260303338679757e-01 3.460112745749675117e-03 -5.034226805916440506e-02 -2.018287683159141199e+00 -4.009090261161265233e-03 9.999335548012765473e-01 -1.080801451515116252e-02 -8.543276254095691913e-01 5.030152610837890226e-02 1.099607212910850076e-02 9.986735416886239891e-01 3.837664618693061414e+01
9.986820022181981393e-01 4.242615028273844131e-03 -5.114937598028728577e-02 -2.056446999870796599e+00 -4.763704423544025922e-03 9.999379492075900489e-01 -1.006999774991761826e-02 -8.715331318144438066e-01 5.110347899718795106e-02 1.030038602383927769e-02 9.986402437725729886e-01 3.900149164162215953e+01
9.986150789819531193e-01 4.831150382241057584e-03 -5.238877757546829550e-02 -2.091463055579834140e+00 -5.346272871845645161e-03 9.999386907990028828e-01 -9.697010341082458115e-03 -8.819622167378999844e-01 5.233871794615801293e-02 9.963665447989746016e-03 9.985796833375858439e-01 3.958483419195451347e+01
9.986093398071567151e-01 5.203607822431567144e-03 -5.246245243548035980e-02 -2.142565156356867728e+00 -5.690584755823104024e-03 9.999420618909200531e-01 -9.137292075408989800e-03 -8.954307426517600366e-01 5.241186597566911687e-02 9.423127239131764629e-03 9.985810938416488369e-01 4.016454928047505746e+01
9.985550359469189674e-01 6.004893911359206714e-03 -5.340207331331811580e-02 -2.187777882538499696e+00 -6.536015303639819071e-03 9.999308466079638302e-01 -9.776630597019239297e-03 -9.044953175795208411e-01 5.333967274926109531e-02 1.011154048566822658e-02 9.985252305575501586e-01 4.076083988245833467e+01
9.984812546936215893e-01 5.113531018790551733e-03 -5.485467916204989774e-02 -2.217421379113204694e+00 -5.695504911189658986e-03 9.999290901203277127e-01 -1.045829598642364702e-02 -9.165356605065687612e-01 5.479731060242079566e-02 1.075483759305072978e-02 9.984395766490274937e-01 4.138754210433990721e+01
9.983999980989948231e-01 6.489802767941107650e-03 -5.617229081994973977e-02 -2.256343227077068470e+00 -7.116375864394002861e-03 9.999145960367509245e-01 -1.096165257693210160e-02 -9.291623480765343057e-01 5.609635452045396570e-02 1.134385704660965249e-02 9.983609146580318949e-01 4.197457631105248765e+01
9.983473379153676719e-01 6.065263108338042088e-03 -5.714722618575576035e-02 -2.294832500348351179e+00 -6.725490968235486346e-03 9.999127658951652009e-01 -1.136786572387429341e-02 -9.461146061210022884e-01 5.707329190204010749e-02 1.173342163678125355e-02 9.983010398512857098e-01 4.259285754536499979e+01
9.982855464815405533e-01 6.033053740702968605e-03 -5.822001329967408517e-02 -2.331094694644304077e+00 -6.705205382482902661e-03 9.999130303089209804e-01 -1.135658571970360117e-02 -9.608586226867118496e-01 5.814643503114493017e-02 1.172749252790395921e-02 9.982391787603696054e-01 4.319550984146276562e+01
9.982059557509648240e-01 4.425706212194193377e-03 -5.970999102182938945e-02 -2.361798967586966391e+00 -5.057632937201353256e-03 9.999327498466376030e-01 -1.043628924539830548e-02 -9.777728636686605634e-01 5.965978756563029145e-02 1.071955729796832124e-02 9.981612098448625625e-01 4.382715373958237848e+01
9.981438329308283119e-01 4.505257077451872531e-03 -6.073377512407288764e-02 -2.406953709415195597e+00 -5.127687054320526072e-03 9.999358812947561903e-01 -1.009654023671825891e-02 -9.955652902037483987e-01 6.068439344368810329e-02 1.038922316368200843e-02 9.981029347890062464e-01 4.443926958648491876e+01
9.980891421752340342e-01 5.948723194523166183e-03 -6.150347115619735072e-02 -2.454016478586996897e+00 -6.607360070260271181e-03 9.999229267289196921e-01 -1.051110816102306805e-02 -1.006443177557513335e+00 6.143620320957493552e-02 1.089739850724646790e-02 9.980515215363214843e-01 4.505181429081257249e+01
9.980436261262316533e-01 6.989308142896530178e-03 -6.212946097051834371e-02 -2.501884022176005029e+00 -7.752492539458067343e-03 9.998973283189420691e-01 -1.205121073032498595e-02 -1.023259486859315448e+00 6.203885240902805298e-02 1.250929223915938499e-02 9.979953398686020050e-01 4.566723804531588371e+01
9.979488020096756173e-01 6.776239919718076744e-03 -6.365745156699458007e-02 -2.539702763748239001e+00 -7.730733813399103330e-03 9.998611809922932636e-01 -1.475989496582426515e-02 -1.045696486443195017e+00 6.354859811325665186e-02 1.522173831223673848e-02 9.978626530543137640e-01 4.628967934708481380e+01
9.978949641742623777e-01 3.621421064879355896e-03 -6.474971648678486125e-02 -2.571516375370194396e+00 -4.788392461937148945e-03 9.998287326060673053e-01 -1.787670979164948312e-02 -1.065926783732170646e+00 6.467388787817407447e-02 1.814912573142962726e-02 9.977413980896584489e-01 4.688722914187152924e+01
9.978667035718592482e-01 9.092576182785206242e-04 -6.527798367914930400e-02 -2.614050434961719738e+00 -2.172083368982428812e-03 9.998118221153027285e-01 -1.927699178595220289e-02 -1.087859645177967627e+00 6.524817205462439540e-02 1.937765747094011282e-02 9.976809021097222674e-01 4.749483826070727588e+01
9.978284332639064669e-01 2.158464397378105810e-03 -6.583129044416151376e-02 -2.660221420071935849e+00 -3.574724386071169869e-03 9.997645327719762998e-01 -2.140327911313132450e-02 -1.095255768204736579e+00 6.576959111673058578e-02 2.159212918348319549e-02 9.976011932840005425e-01 4.810741835673358935e+01
9.977604824706713949e-01 5.526953428343046176e-03 -6.665937597738605391e-02 -2.708589250319258568e+00 -6.916529518977292817e-03 9.997631886049970218e-01 -2.063318515841574760e-02 -1.107164715299536306e+00 6.652955162412189927e-02 2.104802832023178541e-02 9.975624287554759606e-01 4.871043674120318201e+01
9.977288572108808928e-01 5.075240538070934122e-03 -6.716672853542059174e-02 -2.755668898256278254e+00 -6.061078642417601012e-03 9.998767621864694810e-01 -1.448184260348114004e-02 -1.134391278398315661e+00 6.708495222000676605e-02 1.485605509488618220e-02 9.976366607200525261e-01 4.932305934320996954e+01
9.976894265947942042e-01 4.308411791607458241e-03 -6.780299144422279045e-02 -2.798678941619457294e+00 -4.832345524663069977e-03 9.999597074317153611e-01 -7.565180090908425227e-03 -1.153005491524798698e+00 6.776766557645082234e-02 7.875347669249035953e-03 9.976700468598858063e-01 4.994369634603624064e+01
9.976672226605679539e-01 3.972789483642266001e-03 -6.814931967722000217e-02 -2.843723186583002160e+00 -3.990438049667730663e-03 9.999920306255679625e-01 -1.228394245954862328e-04 -1.167545165552390962e+00 6.814828855460000612e-02 3.944985058683474991e-04 9.976751250472308818e-01 5.057041260987663378e+01
9.976992556399807421e-01 6.388736432843360874e-03 -6.749355037498619425e-02 -2.894426492634115888e+00 -5.997097505911369933e-03 9.999639949417771234e-01 6.003635697287957630e-03 -1.174854043187219199e+00 6.752947591188405985e-02 -5.585057463698879683e-03 9.977016472955196891e-01 5.119009669507263283e+01
9.977616432913656297e-01 6.802596455639967760e-03 -6.652388937799767754e-02 -2.940988638490720231e+00 -6.219452925983547965e-03 9.999404350147061971e-01 8.969104074615857208e-03 -1.183571933968540879e+00 6.658094007909345913e-02 -8.535285821900207709e-03 9.977445200621865018e-01 5.180167627784029349e+01
9.978171256372104780e-01 7.755882287513426662e-03 -6.558071420043025401e-02 -2.980228302270654606e+00 -7.221989022975395731e-03 9.999388562464932573e-01 8.374165212525472302e-03 -1.185809786007553823e+00 6.564165338905093849e-02 -7.882262263898891577e-03 9.978121282495794331e-01 5.241938092433701968e+01
9.979847791299860660e-01 8.174888882281910671e-03 -6.292496973885905454e-02 -3.028107546528685745e+00 -7.880448598517261760e-03 9.999568156179993172e-01 4.925995229040713332e-03 -1.190137533328905040e+00 6.296252182656053575e-02 -4.420191271059227545e-03 9.980061035656884183e-01 5.303009024957342632e+01
9.980720280906221209e-01 8.257586175813066282e-03 -6.151454310667007347e-02 -3.063888318737706395e+00 -8.223113551939685573e-03 9.999658586940901595e-01 8.135414571260541142e-04 -1.194670797719008748e+00 6.151916080852579127e-02 -3.061318989877632600e-04 9.981058556769796253e-01 5.364570629023266690e+01
9.981312382896382340e-01 6.478252077880229491e-03 -6.076235183409032375e-02 -3.099103846796071426e+00 -6.661942223618406468e-03 9.999738299229479210e-01 -2.820991853937819451e-03 -1.198720422290326715e+00 6.074248658232151571e-02 3.220515369665822875e-03 9.981482748592770404e-01 5.424730247563042695e+01
9.982184714239917822e-01 4.280458696196018376e-03 -5.951101562988280608e-02 -3.137174051171534472e+00 -4.601089180978768477e-03 9.999756241757201680e-01 -5.251764725019209511e-03 -1.206142966657354876e+00 5.948708503783552148e-02 5.516224046250830550e-03 9.982138337981364407e-01 5.485686398918949180e+01
9.983006330243274773e-01 3.773613781314761901e-03 -5.815157729810100512e-02 -3.178413539101963448e+00 -4.216300011226243975e-03 9.999630471072386007e-01 -7.491811144260805688e-03 -1.209746321820821757e+00 5.812115722732021789e-02 7.724264303829084070e-03 9.982796536159206369e-01 5.545762031272635539e+01
9.983298288141079224e-01 7.497915277996471291e-03 -5.728293084749334213e-02 -3.219342793398437319e+00 -7.889245926919145196e-03 9.999470426980231474e-01 -6.608448999729417579e-03 -1.225734199520529755e+00 5.723034770730741488e-02 7.049330887497212358e-03 9.983361128574584908e-01 5.606143746207588663e+01
9.983701479901202491e-01 7.921584517176520970e-03 -5.651810418726872093e-02 -3.258587977790790902e+00 -8.250812675355729403e-03 9.999503132170585173e-01 -5.594210158924883304e-03 -1.249331671298481661e+00 5.647098097591294469e-02 6.051412714669065183e-03 9.983859016992255864e-01 5.667773013295158790e+01
9.983720308142265409e-01 8.331766888492853074e-03 -5.642578974541143100e-02 -3.295410555254244755e+00 -8.620564444631283879e-03 9.999509505813595212e-01 -4.876709965820163334e-03 -1.277891712992239137e+00 5.638239048261010217e-02 5.355192989107389681e-03 9.983948857799286314e-01 5.726679291792262205e+01
9.983454956164375949e-01 8.424790595464861157e-03 -5.687964737753375272e-02 -3.327427205670189903e+00 -8.692517007409267943e-03 9.999522681545166547e-01 -4.461116532072789687e-03 -1.284968471885951091e+00 5.683934843438932794e-02 4.948162897419548269e-03 9.983710753790373538e-01 5.791034750852662683e+01
9.982960983787955156e-01 7.778881144839691099e-03 -5.783069228194642059e-02 -3.358885181897642624e+00 -8.092062332534507435e-03 9.999538250350621382e-01 -5.183273575046128297e-03 -1.297929637703983063e+00 5.778770188267651903e-02 5.642411353477595239e-03 9.983129492825573159e-01 5.853185743416042897e+01
9.982847313251389521e-01 8.845321727870943812e-03 -5.787361649859260049e-02 -3.401700768367690753e+00 -9.179510520545249366e-03 9.999426802351727428e-01 -5.511155114988739237e-03 -1.315626215179484637e+00 5.782155125642093885e-02 6.032953474768532401e-03 9.983087056029679163e-01 5.913993745683382741e+01
9.981970874667884797e-01 1.012592963774771974e-02 -5.916113692106172994e-02 -3.438410610106596543e+00 -1.048745684510825685e-02 9.999281632480071513e-01 -5.803584443064036501e-03 -1.320878219596663072e+00 5.909812028942394713e-02 6.413570958301262510e-03 9.982315754802691954e-01 5.974562484723305289e+01
9.981892056728056684e-01 1.266865305224861363e-02 -5.880318790793211819e-02 -3.486467984116711438e+00 -1.311182904109090691e-02 9.998884233608694716e-01 -7.156868596721943816e-03 -1.313846065001811558e+00 5.870595896066281572e-02 7.914926326586477559e-03 9.982439402890229685e-01 6.037719268645304282e+01
9.981590015793276871e-01 1.331660980742523613e-02 -5.917157653297019926e-02 -3.525762516692473980e+00 -1.375001257701346895e-02 9.998814949841756672e-01 -6.923376513002172175e-03 -1.319488359317896098e+00 5.907236850078330381e-02 7.724240509306072415e-03 9.982238182833862439e-01 6.098631324200279380e+01
9.981009878760860321e-01 1.305943800348994231e-02 -6.019858038039398868e-02 -3.561448813383722989e+00 -1.347622039511198883e-02 9.998879169404146783e-01 -6.522655932978962783e-03 -1.334781283439891331e+00 6.010665091854745790e-02 7.321518666961172872e-03 9.981651095283615716e-01 6.158840375366491315e+01
