9.999932482257565258e-01 -1.336505129130421835e-03 3.423047902146791107e-03 -1.903144828975200653e-02 1.319899855030872522e-03 9.999873739369394832e-01 4.848693749492793623e-03 -1.111933216452598572e-02 -3.429484986593899030e-03 -4.844142931777413105e-03 9.999823863008704405e-01 7.208482027053833008e-01
9.999668060586147655e-01 -5.771254673840214497e-03 5.751469414203786226e-03 5.250587077597360097e-03 5.763811188224234570e-03 9.999825311363258473e-01 1.309924720626299156e-03 -2.109171951458158056e-02 -5.758928851734956833e-03 -1.276730855303585561e-03 9.999826021970602552e-01 1.495673340503492543e+00
9.999465950775192624e-01 -4.635471556633559073e-03 9.236849913451458671e-03 6.867444430311364992e-03 4.691896039208752651e-03 9.999704098720677559e-01 -6.096350699096576148e-03 -2.900226305647386760e-02 -9.208317133615901914e-03 6.139363463483765368e-03 9.999387556804818500e-01 2.278045290453423632e+00
9.999151252768563314e-01 3.153764371756575917e-03 1.264104476918835422e-02 -2.493710516059330362e-04 -3.013725349222204190e-03 9.999340522715838286e-01 -1.108190269084350331e-02 -2.614528533856287987e-02 -1.267516083087867271e-02 1.104286548035915590e-02 9.998586877253677896e-01 3.085701695936595268e+00
9.998855656381360202e-01 -1.082729710307757430e-03 1.508917906580043225e-02 1.554604494043519691e-02 1.221120701220206268e-03 9.999572517404934358e-01 -9.165345374443127635e-03 -4.076421082726267020e-02 -1.507861043791584345e-02 9.182722252915605926e-03 9.998441444141621393e-01 3.896684685155491934e+00
9.998011569347741156e-01 -1.110729151588964007e-02 1.656123990131333490e-02 4.224424232009822006e-02 1.117971291203368259e-02 9.999283161447666268e-01 -4.286792635115318183e-03 -5.699857643281249636e-02 -1.651243807232336686e-02 4.471090143691763830e-03 9.998536636637560537e-01 4.718036724830055206e+00
9.996786420806673679e-01 -1.731326084235261867e-02 1.851657545979622926e-02 6.134116223186247135e-02 1.735981308484404323e-02 9.998465305963377681e-01 -2.356298819408262756e-03 -6.715010048598749060e-02 -1.847293851591960342e-02 2.676985893075804496e-03 9.998257769677255657e-01 5.532126826306573264e+00
9.996582204943789129e-01 -1.769915127050412235e-02 1.924012064194103450e-02 7.972429044529806552e-02 1.770694933265609325e-02 9.998431920642282256e-01 -2.350066937098051819e-04 -7.215707688491240779e-02 -1.923294421931761450e-02 5.756102145992518342e-04 9.998148641271235038e-01 6.351615683762496190e+00
9.997281587685473703e-01 -1.309259110783146315e-02 1.929229440305754023e-02 8.404316727042844548e-02 1.296557709061761654e-02 9.998935356971520028e-01 6.694107988079120615e-03 -8.406434153001045295e-02 -1.937788368110316198e-02 -6.442152523182429272e-03 9.997914764064107507e-01 7.174597588075005916e+00
9.997156427946752855e-01 -1.363934103634608340e-02 1.956021287522894184e-02 1.035899635147098236e-01 1.342112196248794118e-02 9.998467057065477670e-01 1.124449078583030642e-02 -9.216642209973252564e-02 -1.971058185082444347e-02 -1.097877333124447179e-02 9.997454473510964945e-01 8.004540512548542708e+00
9.997203095224170832e-01 -1.289321654222095118e-02 1.982593492369670238e-02 1.189999539139154350e-01 1.274728492643086367e-02 9.998908507653047062e-01 7.469490132528175570e-03 -9.615451049674246520e-02 -1.992007669181132534e-02 -7.214674145860470317e-03 9.997755443206051140e-01 8.819761814905636044e+00
9.997249188369974338e-01 -1.100772300902675208e-02 2.071030396966771700e-02 1.277451567903434559e-01 1.103300807108307559e-02 9.999385217244370905e-01 -1.107025045444288936e-03 -9.916543261425599110e-02 -2.069684491082896677e-02 1.335217474559240083e-03 9.997849057697528741e-01 9.620952580610092397e+00
9.997265015463706606e-01 -9.355040939645769410e-03 2.143374243739831417e-02 1.355834874443952176e-01 9.465543636429964158e-03 9.999423987525437596e-01 -5.059907180547737991e-03 -1.036744366739773826e-01 -2.138517218827142713e-02 5.261405328091542030e-03 9.997574666010013988e-01 1.043555909191760911e+01
9.997458806637586903e-01 -7.238097338137779689e-03 2.134909934329443787e-02 1.363112839954965794e-01 7.180346106411997914e-03 9.999703552652682292e-01 2.780507228067946677e-03 -1.057777772709386915e-01 -2.136859203687378750e-02 -2.626506725071711245e-03 9.997682155063671861e-01 1.126769159273740328e+01
9.996795928951647259e-01 -1.039484240757378511e-02 2.307940207804325822e-02 1.527967517543214748e-01 1.011667451050110751e-02 9.998751668355037037e-01 1.213687119985889552e-02 -1.184784784927955387e-01 -2.320268186669072197e-02 -1.189949566137545045e-02 9.996599609653270546e-01 1.209494419971653656e+01
9.996028698672710933e-01 -1.333629718056643376e-02 2.482429718295925056e-02 1.857890306344293918e-01 1.300484203257295385e-02 9.998247558308943628e-01 1.346594636109614378e-02 -1.269578553296805690e-01 -2.499953273211493604e-02 -1.313776256459641550e-02 9.996011317310387057e-01 1.292481734836941598e+01
9.994885516774038026e-01 -1.585950320170349467e-02 2.776888949889329619e-02 2.057480279671047851e-01 1.573717044590569256e-02 9.998654967932005810e-01 4.618418435170437014e-03 -1.288273663950561532e-01 -2.783840031616582888e-02 -4.179052605671119101e-03 9.996037009671168150e-01 1.375053798200296740e+01
9.994414056274060210e-01 -1.441094680863483878e-02 3.015296551907179629e-02 2.330937483772638485e-01 1.449887718706795343e-02 9.998912416471169573e-01 -2.699525458429357337e-03 -1.263070831461433619e-01 -3.011078341441742259e-02 3.135201662586521894e-03 9.995416505742550362e-01 1.459122438178291326e+01
9.993769390105887718e-01 -1.348170031795540777e-02 3.261866843332911908e-02 2.450388657882071886e-01 1.368728009917508613e-02 9.998877943665773760e-01 -6.087449402429738823e-03 -1.374335142349931982e-01 -3.253293926643188727e-02 6.530117401491168649e-03 9.994493310965846256e-01 1.541542436848377307e+01
9.992297818090807304e-01 -1.709744449264704452e-02 3.532025676008559295e-02 2.802342318313677527e-01 1.726784898662487092e-02 9.998406595947589848e-01 -4.525131212662661731e-03 -1.470663143462824507e-01 -3.523726063632977995e-02 5.131550734188349353e-03 9.993658002202751023e-01 1.626583597480535559e+01
9.991476756112864788e-01 -1.618373592439467656e-02 3.797379375429290466e-02 3.096763103275587126e-01 1.626631456546947033e-02 9.998659523260653437e-01 -1.866651961904105400e-03 -1.643906793343370976e-01 -3.793849405315546236e-02 2.482754643363324198e-03 9.992769919288448932e-01 1.710304395229648478e+01
9.990836725830392062e-01 -1.299138367939232236e-02 4.078037675257491224e-02 3.369600068204789967e-01 1.286337177565852370e-02 9.999114832718213330e-01 3.399895249369588781e-03 -1.725891188668173815e-01 -4.082093635070518922e-02 -2.872206684818005232e-03 9.991623499633143224e-01 1.793325693214776706e+01
9.989708831147413592e-01 -1.061761585900283800e-02 4.409581524844694705e-02 3.537473652308070204e-01 1.012203126379546993e-02 9.998832493167055802e-01 1.144693054757245539e-02 -1.819950588399101288e-01 -4.421220614320507669e-02 -1.098881109751424084e-02 9.989617244212188885e-01 1.875706543929707237e+01
9.988759622561311780e-01 -1.078010385798066836e-02 4.615843788193135094e-02 3.918054295132891163e-01 9.982394910262499393e-03 9.997974194813764592e-01 1.747775129229285629e-02 -1.844355385615987775e-01 -4.633749905578125883e-02 -1.699733388478411392e-02 9.987812206995413389e-01 1.957839164320816039e+01
9.987432951461112651e-01 -1.078445043673232316e-02 4.894411128487539953e-02 4.248371284441196383e-01 9.997099522707263500e-03 9.998171163172363540e-01 1.630312608728851434e-02 -1.912686158585434060e-01 -4.911098046080620422e-02 -1.579333871803570780e-02 9.986684545184737472e-01 2.039049445112856773e+01
9.986462082622706848e-01 -1.013522046711966447e-02 5.101987876772604708e-02 4.695085955478249251e-01 9.624722412100657903e-03 9.999012319554672068e-01 1.024163328907281428e-02 -2.014152997594086114e-01 -5.111864084539602393e-02 -9.736716079906827109e-03 9.986451226126825675e-01 2.117593280620335605e+01
9.985517575980051852e-01 -9.054643217434980851e-03 5.303207363606314562e-02 5.081404938107751956e-01 9.004348154410488428e-03 9.999587552307783733e-01 1.187245393914428604e-03 -2.052390480309959631e-01 -5.304063642387813610e-02 -7.080067204239404036e-04 9.985921037211514806e-01 2.196953423715269693e+01
9.984581073526476169e-01 -7.087161868337779960e-03 5.505615313860943300e-02 5.469342391177935969e-01 7.126140947931632920e-03 9.999744778136298029e-01 -5.116996652009690770e-04 -2.145376569931466693e-01 -5.505112148685297607e-02 9.032485865661854301e-04 9.984831286331440348e-01 2.276538801666401213e+01
9.982944824240183035e-01 -5.521644804639579823e-03 5.811744833020540679e-02 5.840071422355761488e-01 5.301315866538578760e-03 9.999781678664261264e-01 3.944596378315919256e-03 -2.234093446354023516e-01 -5.813796016240923431e-02 -3.629769848906891968e-03 9.983019595087445630e-01 2.356047804562128789e+01
9.981210885761810925e-01 -2.565598379082651651e-03 6.121854493907850220e-02 6.184002651718020216e-01 1.893714264633768142e-03 9.999373671253589668e-01 1.103066963915103234e-02 -2.280431212989776357e-01 -6.124301091377404305e-02 -1.089401355614240223e-02 9.980634318934117344e-01 2.435826250982305297e+01
9.978992063230064380e-01 2.826445958984655053e-03 6.472391538802647892e-02 6.615173460558811946e-01 -3.782262443917298964e-03 9.998855319542754305e-01 1.464982864473637555e-02 -2.307964160614052462e-01 -6.467509961894764292e-02 -1.486385521174588692e-02 9.977956691114291399e-01 2.514978380192585306e+01
9.975960569279389567e-01 6.673792286733272114e-03 6.897512376461210903e-02 7.004981990309803175e-01 -7.557847346329046520e-03 9.998925065810068125e-01 1.256400519897342763e-02 -2.332210360963728191e-01 -6.888385983174578897e-02 -1.305510550182510665e-02 9.975392614203301145e-01 2.593044580124320220e+01
9.972970894296657729e-01 8.697954560420722778e-03 7.295793994887557476e-02 7.482060433610639993e-01 -9.202966237131321448e-03 9.999359455279688280e-01 6.588645803510680479e-03 -2.411134434006226568e-01 -7.289595892473803296e-02 -7.242266741204338165e-03 9.973132550732960455e-01 2.670723832634899253e+01
9.969520462234914282e-01 5.772762066625278070e-03 7.780290964300216883e-02 8.101480302857160254e-01 -5.541605477406592352e-03 9.999795677857323817e-01 -3.186631417611874868e-03 -2.476353069326362455e-01 -7.781971562224959671e-02 2.745765682112396352e-03 9.969636666555568016e-01 2.747417238728477074e+01
9.965219986809741304e-01 4.509906783007177483e-03 8.320797369054711012e-02 8.748360678596852624e-01 -3.918660528705647864e-03 9.999659125198850917e-01 -7.267592306482266451e-03 -2.591246571442326063e-01 -8.323791350423766222e-02 6.916251808679456728e-03 9.965057025508589073e-01 2.822662375904709720e+01
9.959058564262065483e-01 1.677622811684975667e-03 9.038092009759209067e-02 9.390953127268534262e-01 -1.453146104365581927e-03 9.999956944042391882e-01 -2.549419420491612267e-03 -2.631706680592427738e-01 -9.038480791806202674e-02 2.407645049405511724e-03 9.959040062892265954e-01 2.900095310058022235e+01
9.951886356377332987e-01 -1.557260672775679115e-03 9.796506743071860257e-02 1.008993416618087391e+00 6.638028682958144926e-04 9.999578983345294159e-01 9.152099439018141630e-03 -2.763421269692422078e-01 -9.797519514275153385e-02 -9.043035861184024748e-03 9.951477702528171987e-01 2.976872847900695618e+01
9.943629318425198926e-01 -4.660518953912892899e-03 1.059275192791278991e-01 1.095647384116384071e+00 3.037028386894758628e-03 9.998755254727804687e-01 1.548257146300439403e-02 -2.890416186674005794e-01 -1.059864908190047278e-01 -1.507359026941032694e-02 9.942533131150551595e-01 3.053521545014445593e+01
9.933320093016309027e-01 -9.093146739372701820e-03 1.149296914603126912e-01 1.179049055863096829e+00 7.638201464437985311e-03 9.998851024632505746e-01 1.309350031283992855e-02 -2.946012882735501437e-01 -1.150355474415411944e-01 -1.212833683692524957e-02 9.932873331873290912e-01 3.128812965940681678e+01
9.923488697865430197e-01 -1.002793697313227386e-02 1.230575520373914378e-01 1.282421412809021666e+00 9.489080082169885910e-03 9.999426553247950933e-01 4.964214055734405585e-03 -2.932453686565796303e-01 -1.231002761677103541e-01 -3.758529241587906834e-03 9.923871197599124505e-01 3.202995474975507051e+01
9.911938053933446735e-01 -1.129817025238315925e-02 1.319363160726051420e-01 1.376952701203105756e+00 1.141300719779093573e-02 9.999348629906099628e-01 -1.142044317078183172e-04 -2.997406536646387565e-01 -1.319264318344331721e-01 1.618988850243926938e-03 9.912581880915479760e-01 3.275923377975392015e+01
9.900553315686099198e-01 -1.417484788489436001e-02 1.399625454184509343e-01 1.478716022626813897e+00 1.432438260464622554e-02 9.998973989074513291e-01 -6.100088504726292022e-05 -3.038879102324745785e-01 -1.399473204301086571e-01 2.065271302365519809e-03 9.901567967543734028e-01 3.351000717208630419e+01
9.889193284632968872e-01 -2.155679515737703861e-02 1.468804492580512711e-01 1.603579326443940634e+00 2.133955072861904237e-02 9.997676188605395531e-01 3.054808116174502312e-03 -3.139693350008000428e-01 -1.469121688846936336e-01 1.134040071530287530e-04 9.891495345867215017e-01 3.424120458949609969e+01
9.879896107829531093e-01 -2.532673687032322221e-02 1.524305920229026001e-01 1.716473728834690293e+00 2.472171490269396005e-02 9.996771765001242205e-01 5.863411720872225424e-03 -3.217179280796538809e-01 -1.525298849315144811e-01 -2.024644225525695264e-03 9.882967848872830086e-01 3.495179115290317640e+01
9.871112465095991384e-01 -3.119049682355369210e-02 1.569666841153492531e-01 1.830699558084585066e+00 3.039569596093513737e-02 9.995100902213069904e-01 7.461984511129373700e-03 -3.313833214426835649e-01 -1.571225276060638776e-01 -2.594697225849928145e-03 9.875757079155954576e-01 3.566091022169686653e+01
9.867186970608626817e-01 -3.292771142298689391e-02 1.590659570460019323e-01 1.939236931583449675e+00 3.243601931513391545e-02 9.994576336266204342e-01 5.687111434077588012e-03 -3.417966404412977055e-01 -1.591669485838823617e-01 -4.521127291485846746e-04 9.872515779033110839e-01 3.634934857462766189e+01
9.866576506733423235e-01 -3.533171366268536562e-02 1.589287588116802818e-01 2.057162128994904915e+00 3.516682847606303342e-02 9.993740374700530449e-01 3.850637056280789561e-03 -3.440392073921710869e-01 -1.589653249696245940e-01 1.789759889498240180e-03 9.872825442682763297e-01 3.704632260248376241e+01
9.868221760364301876e-01 -3.735909266658604677e-02 1.574366255921948177e-01 2.165387071245144845e+00 3.751595358918002193e-02 9.992940745296167160e-01 1.976318873677477064e-03 -3.505495463353045515e-01 -1.573993205481585000e-01 3.956109847489624673e-03 9.875271151142404058e-01 3.772072969093111539e+01
9.873241718137578671e-01 -3.723713663621951858e-02 1.542866663306170505e-01 2.269580827861830574e+00 3.735277667267450363e-02 9.992998279895703995e-01 2.150315059596573201e-03 -3.595815606388080843e-01 -1.542587107009549818e-01 3.639977355664157383e-03 9.880237855121357660e-01 3.840242897055181004e+01
9.877772262741800757e-01 -3.864977560305549870e-02 1.510044572187294043e-01 2.361547052670151192e+00 3.848567624644815000e-02 9.992511051312701342e-01 4.010189245930681143e-03 -3.662929291291608380e-01 -1.510463636700439816e-01 1.850335042110703857e-03 9.885249477288321485e-01 3.906611761872814270e+01
9.887380788510622409e-01 -3.619337772741295506e-02 1.452138107708550729e-01 2.455005924422364760e+00 3.598624809539985314e-02 9.993440633228632963e-01 4.053769772061214909e-03 -3.736634183516798768e-01 -1.452652793269238463e-01 1.217583684746131704e-03 9.893919931513712740e-01 3.973033730575832578e+01
9.895149561958460627e-01 -3.707958938835544810e-02 1.395895967310103736e-01 2.535985836157117479e+00 3.691016856072294738e-02 9.993113503470908432e-01 3.803225511648188149e-03 -3.802951920551637111e-01 -1.396344904439950629e-01 1.388927019103460003e-03 9.902021409591998946e-01 4.039095272632970079e+01
9.905098238253619014e-01 -3.779158865689903612e-02 1.321441816057003227e-01 2.620243257610370691e+00 3.760633691845886861e-02 9.992850281929328560e-01 3.898185863242955174e-03 -3.764020686953486461e-01 -1.321970208780360589e-01 1.108267222638691790e-03 9.912228404424189288e-01 4.104804773209468749e+01
9.913381688259842450e-01 -4.409182144083605842e-02 1.237115447756427372e-01 2.710245017116773347e+00 4.370975157550287954e-02 9.990274233489813138e-01 5.802155970211528985e-03 -3.820656667925119154e-01 -1.238470534407428852e-01 -3.444977855871969976e-04 9.923012590314109760e-01 4.169603856700920375e+01
9.921565274920044475e-01 -4.692993409394397714e-02 1.158576982377411690e-01 2.786973935756517307e+00 4.602365223700731478e-02 9.988853059429509962e-01 1.048661079775495449e-02 -3.837132116654548564e-01 -1.162206883036596000e-01 -5.072164941586774362e-03 9.932104634733923687e-01 4.235990857577501600e+01
9.929009408136397763e-01 -4.919465024307994455e-02 1.082940816427749864e-01 2.853897626352435601e+00 4.781379128984175608e-02 9.987388893137728596e-01 1.531248950309461315e-02 -3.876628667541032192e-01 -1.089108033846156176e-01 -1.002583461622889513e-02 9.940009655661142807e-01 4.301731175464227874e+01
9.937332221924018993e-01 -5.001002227673700951e-02 9.996639826956199570e-02 2.914654674157777681e+00 4.850029385476404414e-02 9.986702442200969809e-01 1.747755146961583669e-02 -3.950214535174629282e-01 -1.007075201120051777e-01 -1.251962384625875981e-02 9.948373004726150937e-01 4.367529965608358111e+01
9.943750087418524730e-01 -5.247900414674979558e-02 9.200160929792647324e-02 2.973493920347707764e+00 5.131332033828094052e-02 9.985700706000277815e-01 1.499190640699552858e-02 -3.960748357769980910e-01 -9.265681381044692244e-02 -1.018666901497134424e-02 9.956459946330711297e-01 4.431611951860978849e+01
9.950767435257696913e-01 -5.284600558216207000e-02 8.384255594959844071e-02 3.023479946652432027e+00 5.215033787000841053e-02 9.985843866521980638e-01 1.046732986471572875e-02 -3.994477988020442849e-01 -8.427702388074337359e-02 -6.043378894534720894e-03 9.964240366517377323e-01 4.495988725718624579e+01
9.958148289007126008e-01 -5.208165555443697997e-02 7.510211512437763026e-02 3.066129124128425865e+00 5.186826711969617226e-02 9.986424464249737953e-01 4.790309420357109771e-03 -4.009555194562445246e-01 -7.524964722472862744e-02 -8.748445872889949433e-04 9.971643421420081088e-01 4.559561124216695305e+01
9.965857803049209540e-01 -4.962693831006988188e-02 6.598446398965508719e-02 3.095192041789131654e+00 4.966492234035270459e-02 9.987653678528026768e-01 1.065582836780846468e-03 -4.098814712309603037e-01 -6.595587906290296953e-02 2.215168576843249380e-03 9.978200815002761237e-01 4.624517614294013157e+01
9.973597730975782838e-01 -4.631643261232187836e-02 5.593094918573500440e-02 3.115923425560669813e+00 4.653590886708639657e-02 9.989131625410040405e-01 -2.627334817565431420e-03 -4.123302120308961483e-01 -5.574847255901485554e-02 5.223195611655431954e-03 9.984311824231758559e-01 4.688911744041224239e+01
9.979940611910350645e-01 -4.336153971463429374e-02 4.612624741947304180e-02 3.138274887513713640e+00 4.359716622829419574e-02 9.990407204313264122e-01 -4.114124076698146351e-03 -4.226064719585534424e-01 -4.590360469820115724e-02 6.116845071781994506e-03 9.989271461333308899e-01 4.754617921446826756e+01
9.985240101229336807e-01 -3.981731295430931267e-02 3.693755266819673949e-02 3.146431865599307542e+00 3.999935486392843659e-02 9.991908690224564626e-01 -4.202246139559258874e-03 -4.320060084801893296e-01 -3.674034320044826385e-02 5.673521943776578536e-03 9.993087402451099610e-01 4.820311814538835904e+01
9.989771231837382137e-01 -3.558524872270957956e-02 2.789977471032805204e-02 3.152581590938985379e+00 3.570520243529006627e-02 9.993550919501372753e-01 -3.812966350147480119e-03 -4.460117337657059089e-01 -2.774609656508656916e-02 4.805233259197979820e-03 9.996034533047228887e-01 4.887039382443697377e+01
9.992783301540568708e-01 -3.259085742664341590e-02 1.951037920486995911e-02 3.151218071645608187e+00 3.267962581431559793e-02 9.994568494333617714e-01 -4.248314651061477730e-03 -4.553364272004543634e-01 -1.936132591425312327e-02 4.882840662392284523e-03 9.998006285884748490e-01 4.953083162213959412e+01
9.994327455926723669e-01 -3.152512677748672831e-02 1.184708482107474370e-02 3.152749199021744442e+00 3.157580037909865633e-02 9.994928899011471524e-01 -4.114835048008820724e-03 -4.681746315391203672e-01 -1.171135634816296463e-02 4.486582075076919751e-03 9.999213542643099473e-01 5.020062893403292037e+01
9.996055750129100304e-01 -2.769422298365659119e-02 4.660945874251426133e-03 3.140910393051035587e+00 2.771005676620414901e-02 9.996103303505774473e-01 -3.367522891243521221e-03 -4.762681071608685368e-01 -4.565868715253838632e-03 3.495349730830332475e-03 9.999834675499070791e-01 5.086585313401672437e+01
9.996371271653142765e-01 -2.691604918237399877e-02 -1.067843195875434322e-03 3.138965394884094984e+00 2.691218887607612492e-02 9.996317502752075645e-01 -3.478208105216644853e-03 -4.871648649493207084e-01 1.161069583339100581e-03 3.448207960204448946e-03 9.999933808677373692e-01 5.154426000567868016e+01
9.996441874259445193e-01 -2.580023783014736768e-02 -6.770987626091890151e-03 3.123723615364977224e+00 2.578080306635132171e-02 9.996632905248333811e-01 -2.942069053640879780e-03 -4.977932030567144839e-01 6.844613851698727429e-03 2.766460729924881488e-03 9.999727486068070714e-01 5.222200147288894811e+01
9.995728296248435063e-01 -2.673620726163481592e-02 -1.180396107450126797e-02 3.112074974299917418e+00 2.671182814908246855e-02 9.996407143449488331e-01 -2.218211183435545714e-03 -5.027298699411041349e-01 1.185902663456495261e-02 1.901958249631607303e-03 9.999278704197113177e-01 5.290597065906477781e+01
9.995671414460991500e-01 -2.501965376512670439e-02 -1.547729520133546421e-02 3.096974604693567112e+00 2.503137401837322862e-02 9.996865069886256006e-01 5.639677589421196154e-04 -5.142925679372694070e-01 1.545833289939156467e-02 -9.511416056509347516e-04 9.998800604440611917e-01 5.359958696684868329e+01
9.995026566612039698e-01 -2.505947315258761146e-02 -1.914320068620698964e-02 3.078725884957197234e+00 2.511185383219252665e-02 9.996815198015001069e-01 2.500752781383523606e-03 -5.270365230308733384e-01 1.907443640866630929e-02 -2.980230306158080170e-03 9.998136246836286656e-01 5.428360530620504676e+01
9.993891769965890237e-01 -2.681305025491294985e-02 -2.241279184104787506e-02 3.063259221582249392e+00 2.689022774259921394e-02 9.996334320841621102e-01 3.149144580644256189e-03 -5.326163113046024078e-01 2.232013785875391898e-02 -3.749906087646574359e-03 9.997438420166946393e-01 5.497256913513665921e+01
9.992344743433834164e-01 -2.984983187312947178e-02 -2.528740439132318510e-02 3.045248485672032324e+00 2.989734028753218004e-02 9.995518450943886579e-01 1.502668338181836457e-03 -5.429372014932769552e-01 2.523121731973936022e-02 -2.257544141091394427e-03 9.996790930928868280e-01 5.565868699232633787e+01
9.990607157881501443e-01 -3.283848292484888021e-02 -2.827225155635619894e-02 3.028403261506891653e+00 3.287199388329564015e-02 9.994593097634014711e-01 7.212110659706805552e-04 -5.479856383832711897e-01 2.823328154869805817e-02 -1.649898924030536885e-03 9.995999998231962502e-01 5.635028082642165259e+01
9.990151962483434511e-01 -3.160779122042900458e-02 -3.113816306483196961e-02 3.004271990939196613e+00 3.161544117273629162e-02 9.995000765333510451e-01 -2.467575301039838303e-04 -5.568109216032306463e-01 3.113039582690124013e-02 -7.379322402406745304e-04 9.995150593721291443e-01 5.706272064434683955e+01
9.989565816305815416e-01 -3.112684724713849979e-02 -3.341956608634065462e-02 2.975996188908667239e+00 3.119219888488440617e-02 9.995123737319062673e-01 1.435787427148315851e-03 -5.699646841959975507e-01 3.335857829212457437e-02 -2.476719052183920869e-03 9.994403789706850505e-01 5.776102442146910221e+01
9.988790900687346541e-01 -3.163798424940696130e-02 -3.520797318923418739e-02 2.945800742636599967e+00 3.173897106812045843e-02 9.994935157158288952e-01 2.312954290284955673e-03 -5.773677992495045430e-01 3.511696369273081819e-02 -3.427826519270672605e-03 9.993773305745727864e-01 5.845288384048767938e+01
9.987928286777479903e-01 -3.201994736319528634e-02 -3.725061546825543524e-02 2.924307012985825516e+00 3.214488967330883518e-02 9.994794090586323065e-01 2.759879652751870156e-03 -5.846654712080049388e-01 3.714285193407255298e-02 -3.953964929672118718e-03 9.993021438541699331e-01 5.914512823060812963e+01
9.988394942176135327e-01 -3.003099002356661440e-02 -3.765374389498894747e-02 2.890477845208990537e+00 3.014569454489166023e-02 9.995424333845925879e-01 2.482128927596178800e-03 -5.927395631865195469e-01 3.756197400977578232e-02 -3.614346664552985176e-03 9.992877636630396188e-01 5.983730558554186985e+01
9.988831386805423485e-01 -2.856422778050554320e-02 -3.763721763115317198e-02 2.860494920776673222e+00 2.863162515196207916e-02 9.995892458810630155e-01 1.252820851112870044e-03 -6.020808401796823306e-01 3.758597212882661825e-02 -2.329036330942042040e-03 9.992906835795588583e-01 6.053221454680554103e+01
9.989799387305804412e-01 -2.668537815529910262e-02 -3.642763520402636512e-02 2.827712254750158305e+00 2.669952578928076400e-02 9.996434993014883252e-01 -9.811677907276377384e-05 -6.141856326243995134e-01 3.641726700998407229e-02 -8.745838916258573056e-04 9.993362886268775114e-01 6.119670146279846534e+01
9.990545720103457539e-01 -2.673778590536272579e-02 -3.427904534999779568e-02 2.803726605192059740e+00 2.666591278099885928e-02 9.996411431616425425e-01 -2.552252738334940142e-03 -6.262224804119064236e-01 3.433498566745569330e-02 1.635757733640504519e-03 9.994090419121963720e-01 6.187488573306482209e+01
9.992530182263005267e-01 -2.340227598231348419e-02 -3.075287050796659746e-02 2.773026370154167974e+00 2.325401863007032360e-02 9.997162215555520648e-01 -5.169813946607638294e-03 -6.353873599743236067e-01 3.086512891896739386e-02 4.450824366095712699e-03 9.995136487208564624e-01 6.255348024234795190e+01
9.994087651525789262e-01 -2.144747341063243593e-02 -2.687240258147460120e-02 2.755108445870398715e+00 2.128064114563748069e-02 9.997525476751770723e-01 -6.479022258274985679e-03 -6.497273673648171766e-01 2.700471160059361719e-02 5.903329678481216217e-03 9.996178751153251829e-01 6.323336199902166044e+01
9.995631980176929998e-01 -1.975284072692517698e-02 -2.198268527414691878e-02 2.728904128814342300e+00 1.962088667911409540e-02 9.997882540895348669e-01 -6.202240766441084567e-03 -6.602976846513480824e-01 2.210054240444876347e-02 5.768211838712893925e-03 9.997391128477542965e-01 6.388632933957391913e+01
9.996410384143645800e-01 -2.040364557966767300e-02 -1.736333968202760300e-02 2.714630166086381191e+00 2.032443149407357763e-02 9.997822653085897127e-01 -4.726463674576279576e-03 -6.741690204288598443e-01 1.745599617028145006e-02 4.371867047805508451e-03 9.998380743781571933e-01 6.456130459077571970e+01
9.997418354770641891e-01 -1.914469235633827621e-02 -1.223695842663249586e-02 2.701819008486236129e+00 1.911669998375155333e-02 9.998143776346446465e-01 -2.400428457372463711e-03 -6.845649617803363229e-01 1.228064243780452487e-02 2.165878488949354516e-03 9.999222443728751353e-01 6.522920557599265123e+01
9.997978578013183570e-01 -1.900766282753678371e-02 -6.553799640848005648e-03 2.696052570617347488e+00 1.900278345996356602e-02 9.998191059438142902e-01 -8.059841717617024495e-04 -6.993880816026760705e-01 6.567933972828863230e-03 6.812808129341028831e-04 9.999781988122462550e-01 6.588705538577094956e+01
9.998529865211780443e-01 -1.713843490025361918e-02 -5.285771973743552676e-04 2.695083845781055754e+00 1.713789511390102771e-02 9.998526260052337244e-01 -1.009366882164696149e-03 -7.122981340474375811e-01 5.457982674418302999e-04 1.000159791059744650e-03 9.999993508921121155e-01 6.653087629136220471e+01
9.998295012267729431e-01 -1.728120786313196156e-02 6.506022703355871135e-03 2.701511110971958729e+00 1.728730144392659832e-02 9.998501748299400971e-01 -8.815335074064283884e-04 -7.231556133142368337e-01 -6.489813973617974963e-03 9.938547826988050355e-04 9.999784470513655155e-01 6.716851677216968142e+01
9.997615971032889348e-01 -1.666805672217729767e-02 1.410407184433221973e-02 2.704485949965373948e+00 1.668110291416241217e-02 9.998605343657588351e-01 -8.078510913805255975e-04 -7.437929219989982688e-01 -1.408863950319271495e-02 1.042929971284280600e-03 9.999002062876204411e-01 6.782475213101031386e+01
9.996043300792644137e-01 -1.961337545355039749e-02 2.016181514909087119e-02 2.727918023094614952e+00 1.963938008213600081e-02 9.998065317898711113e-01 -1.092584229439496008e-03 -7.450335555904400442e-01 -2.013648521409425185e-02 1.488117477582804205e-03 9.997961329539123421e-01 6.843120965593537619e+01
9.994204147111506176e-01 -2.118575632290737101e-02 2.664579493318216044e-02 2.744658839460615507e+00 2.121765529542488787e-02 9.997744615456918282e-01 -9.149561662522919621e-04 -7.630521064091017047e-01 -2.662040124339460148e-02 1.479787163083232451e-03 9.996445190504443801e-01 6.903402014501057238e+01
9.991520971138906360e-01 -2.558066247923256389e-02 3.226013856202394892e-02 2.785977545803677735e+00 2.563150347509932439e-02 9.996707821400484528e-01 -1.163342215046072464e-03 -7.656243357190168908e-01 -3.221975888369372348e-02 1.989231667484108075e-03 9.994788292379440664e-01 6.959167203031326210e+01
9.989279239615608263e-01 -2.486576490014398219e-02 3.904736182868366601e-02 2.803023546335155380e+00 2.498008142290166628e-02 9.996849654666465357e-01 -2.442407020636234646e-03 -7.792531423363648901e-01 -3.897432824250551819e-02 3.415194852423317998e-03 9.992343760010296005e-01 7.013623935811999388e+01
9.986770325674005910e-01 -2.591392119587497544e-02 4.441456192093286293e-02 2.834658771491068485e+00 2.608639959291633378e-02 9.996542183562548978e-01 -3.308092928501457468e-03 -7.853722041542149368e-01 -4.431347852124763176e-02 4.462332439306820366e-03 9.990077092848431706e-01 7.071929355423557695e+01
9.984535839630144238e-01 -2.719908660834006661e-02 4.848350605192438406e-02 2.868911323425600290e+00 2.742291434082637369e-02 9.996160881791065211e-01 -3.957274637476223059e-03 -7.645923936383928199e-01 -4.835725840523480423e-02 5.280714077918934046e-03 9.988161440517260292e-01 7.131399284105417280e+01
9.982739128962541120e-01 -2.921677128553587521e-02 5.094678700815112593e-02 2.907696119724183959e+00 2.939556630098158485e-02 9.995640367505956858e-01 -2.763533371996101332e-03 -7.677077842602053614e-01 -5.084383455887060699e-02 4.256372928002022903e-03 9.986975456948162799e-01 7.189371961591655236e+01
9.981352287406523027e-01 -3.025627575812599168e-02 5.301530839387183502e-02 2.932619100466140161e+00 3.036645775376183715e-02 9.995380210695523626e-01 -1.273844516394209616e-03 -7.772140123385432586e-01 -5.295227464744149681e-02 2.881356210396326511e-03 9.985928872148311930e-01 7.245408823589633585e+01
9.980767618708176192e-01 -3.048887163323125288e-02 5.397412454129088544e-02 2.966498207199695258e+00 3.057981977843647267e-02 9.995319581677312160e-01 -8.597811925845145250e-04 -8.002573577290345019e-01 -5.392264863473190950e-02 2.508646629783744912e-03 9.985419643942381462e-01 7.303660332467678984e+01
9.979938553493791220e-01 -3.367209110145810008e-02 5.361394376224135755e-02 2.999841674399258196e+00 3.383165975371270340e-02 9.994253993717041595e-01 -2.071204726394119868e-03 -8.131433991455380150e-01 -5.351339536223306131e-02 3.880898293530761576e-03 9.985595901823999254e-01 7.358122000720877054e+01
9.980849842816050810e-01 -3.292340526912288651e-02 5.236805836649121443e-02 3.026258338015642924e+00 3.315285719175872087e-02 9.994440990032859018e-01 -3.518668431788631729e-03 -8.217706092707142140e-01 -5.222310036386167836e-02 5.248080886867905956e-03 9.986216527971906176e-01 7.413732391982345860e+01
9.982345926797313584e-01 -2.975320254474296544e-02 5.140471686397415224e-02 3.045084131862038301e+00 2.993077786551469333e-02 9.995483597546463983e-01 -2.687944969906192090e-03 -8.270262286116951689e-01 -5.130152545391845897e-02 4.221782813875129062e-03 9.986742862595268111e-01 7.468677888518227803e+01
9.983746316644308560e-01 -2.784981969268508772e-02 4.972406250498968838e-02 3.070792859500263816e+00 2.797240113167021383e-02 9.996071271310432715e-01 -1.770921723654862766e-03 -8.461095536684994922e-01 -4.965520741920334546e-02 3.158944745846279170e-03 9.987614236864830186e-01 7.524283778251373178e+01
9.984209848969386458e-01 -3.018384810659413900e-02 4.737586126824863686e-02 3.093104168264048770e+00 3.029099338804975769e-02 9.995399283064304585e-01 -1.545134538273077026e-03 -8.557555572982531444e-01 -4.730742686931296154e-02 2.977756647930566210e-03 9.988759384069436642e-01 7.578269975190957553e+01
9.984072953766724989e-01 -3.409106319968248366e-02 4.495188481650500001e-02 3.118260027161564363e+00 3.415136126653779691e-02 9.994165073617249373e-01 -5.738785011232200653e-04 -8.775853890623825926e-01 -4.490609159438705561e-02 2.108132540161512282e-03 9.989889882851120673e-01 7.632573843651265122e+01
9.984465235846162745e-01 -3.644782300735607133e-02 4.214375089882550079e-02 3.142925302429714129e+00 3.646369368277470324e-02 9.993349013898429334e-01 3.923100330956355423e-04 -8.843499556178651133e-01 -4.213001999532597214e-02 1.145016234706233401e-03 9.991114804430074603e-01 7.687050262092903097e+01
9.986424391737680484e-01 -3.553416380855202450e-02 3.808676782686521572e-02 3.159710715694044492e+00 3.560482065665646068e-02 9.993652527653783535e-01 -1.178266183468760012e-03 -8.874314607281177381e-01 -3.802072365273780064e-02 2.532739153322459760e-03 9.992737411767136368e-01 7.740534785096798487e+01
9.988776570293461665e-01 -3.505889768823938768e-02 3.184807655813880201e-02 3.165114642572364634e+00 3.510239989999482807e-02 9.993833944926867607e-01 -8.076716759500955243e-04 -8.969078849426814770e-01 -3.180012278008272075e-02 1.924709110711437555e-03 9.994923950115944811e-01 7.792997714665423814e+01
9.990103730789150482e-01 -3.732178816116072523e-02 2.419418544162751580e-02 3.172868157576306469e+00 3.730371688916403472e-02 9.993032560413999121e-01 1.197986356317852670e-03 -9.120333625368157726e-01 -2.422203928209810259e-02 -2.942677526901377226e-04 9.997065600562539123e-01 7.845519259404444767e+01
9.990744007283828276e-01 -4.024840709708472908e-02 1.517918098493626494e-02 3.173688759087405220e+00 4.021345760606635789e-02 9.991877268838473825e-01 2.600821419416919286e-03 -9.219484434343546697e-01 -1.527153026357234294e-02 -1.988006749972953159e-03 9.998814070641443008e-01 7.896743467356735380e+01
9.990796018297770642e-01 -4.275142883303764685e-02 3.502076582719121454e-03 3.173393112887501033e+00 4.274609029159993218e-02 9.990847103344978608e-01 1.585351890177054499e-03 -9.277443161118527071e-01 -3.566647226723246127e-03 -1.434192653385163180e-03 9.999926110321992745e-01 7.947400209735219789e+01
9.990451567947075118e-01 -4.283727556650950008e-02 -8.587345752941354798e-03 3.159312223901470595e+00 4.284739153189319472e-02 9.990811309264137074e-01 9.974295522912795305e-04 -9.336882364970712223e-01 8.536727941915232473e-03 -1.364422529156531427e-03 9.999626306153694966e-01 7.997845772065872438e+01
9.989846728994362657e-01 -4.071607055353961002e-02 -1.928276200882329469e-02 3.130746773443483288e+00 4.075174251610181458e-02 9.991682353454703902e-01 1.460465172743165676e-03 -9.441977215052435035e-01 1.920725888592837022e-02 -2.244788475256682264e-03 9.998130035815659955e-01 8.047512062212118167e+01
9.988699731655248382e-01 -3.740117689697407266e-02 -2.932454049133713381e-02 3.104491269512197338e+00 3.744547907451927643e-02 9.992982082366002050e-01 9.628665539472058615e-04 -9.496980710792868319e-01 2.926794842804257904e-02 -2.059849956241479978e-03 9.995694794325071797e-01 8.097688754277801593e+01
9.987267337519982746e-01 -3.489368026965967290e-02 -3.643271011477201143e-02 3.066322968440135632e+00 3.492975819160873407e-02 9.993897070977136865e-01 3.540336460126938768e-04 -9.554713999412661751e-01 3.639812195352934432e-02 -1.626168621494528252e-03 9.993360457292995713e-01 8.147721059197216675e+01
9.985976777553527972e-01 -3.373968766595809160e-02 -4.079597354915639323e-02 3.042168060723740464e+00 3.377575461491705983e-02 9.994294174124239705e-01 1.949637313006018452e-04 -9.642837985965366787e-01 4.076611806160585633e-02 -1.572605121196247839e-03 9.991674787198201457e-01 8.196774043146798761e+01
9.984957824978655250e-01 -3.383800807926187065e-02 -4.314118152306883197e-02 3.011171658014798247e+00 3.385261665326987773e-02 9.994267589978220734e-01 -3.921030948763858646e-04 -9.706510211622642048e-01 4.312971921662982905e-02 -1.068928593531142225e-03 9.990689088906524740e-01 8.246194270411494642e+01
9.983808978242336707e-01 -3.428166045985547861e-02 -4.539108520178430917e-02 2.985414147550661479e+00 3.427271693677858694e-02 9.994120418029496244e-01 -9.754860489882188814e-04 -9.786073579469652950e-01 4.539783842268173275e-02 -5.817691771700761287e-04 9.989688172366417707e-01 8.294730449193789923e+01
9.982912607395827420e-01 -3.474051311836579004e-02 -4.698569441064486679e-02 2.960046234858065617e+00 3.469110086580604740e-02 9.993963388511793999e-01 -1.866925702319946955e-03 -9.845376970348775902e-01 4.702218892923134413e-02 2.337501490264939073e-04 9.988938177349853120e-01 8.344028303968038074e+01
9.982510155870980562e-01 -3.479305605548753400e-02 -4.779490694258509836e-02 2.934481410563917425e+00 3.468923767175667583e-02 9.993936440826036716e-01 -3.000159503666410734e-03 -9.926094635970594826e-01 4.787031093572560042e-02 1.336943385027453655e-03 9.988526647675846082e-01 8.393452956763995587e+01
9.983003492007427315e-01 -3.417227988499134395e-02 -4.720877114626503140e-02 2.906926219166487968e+00 3.400770211296667150e-02 9.994123840021552629e-01 -4.285195459374415566e-03 -9.990934088190307483e-01 4.732746541570061194e-02 2.672450297225520931e-03 9.988758526597473208e-01 8.443865200231105916e+01
9.983541681796428424e-01 -3.432125610932382914e-02 -4.594568812647274042e-02 2.881342995783616967e+00 3.413785603788271894e-02 9.994057473830164628e-01 -4.770627100470038913e-03 -1.003045093426436996e+00 4.608211869558187512e-02 3.194288163762045146e-03 9.989325477026242961e-01 8.495311124915168932e+01
9.983986480974067490e-01 -3.515462793854942647e-02 -4.432032955401041252e-02 2.861222663542042355e+00 3.500764490554388736e-02 9.993786817679942702e-01 -4.088425838122966560e-03 -1.015688687595603490e+00 4.443651961440366754e-02 2.530328470505000937e-03 9.990090055461926521e-01 8.547426647344818207e+01
9.985048541931220711e-01 -3.544265850296422771e-02 -4.161579160628633284e-02 2.838700389487722742e+00 3.531564809325487414e-02 9.993690463370411559e-01 -3.783414218220430142e-03 -1.024294967975564630e+00 4.172362822824716988e-02 2.308068810826539950e-03 9.991265243530661477e-01 8.600698983319753665e+01
9.986292043638846927e-01 -3.541789575702504467e-02 -3.853939350460339891e-02 2.817252608777788492e+00 3.530822991317097287e-02 9.993702615050302773e-01 -3.522686441673614915e-03 -1.029987309060300671e+00 3.863988990611676166e-02 2.157099791897263905e-03 9.992508723181249275e-01 8.654286508671141576e+01
9.987401832606389585e-01 -3.527734942547267050e-02 -3.568690177112308209e-02 2.808500033441835964e+00 3.519056106946463064e-02 9.993759438210608748e-01 -3.057339264838920389e-03 -1.034948541860880589e+00 3.577248596512368206e-02 1.797645481498481119e-03 9.993583429974457477e-01 8.710522098405861868e+01
9.988978461715285473e-01 -3.469331762886519038e-02 -3.161434209006135782e-02 2.784479835001352654e+00 3.464185069919178961e-02 9.993974255312858546e-01 -2.174401428721228074e-03 -1.042080301275824628e+00 3.167072929409209259e-02 1.076825585224851873e-03 9.994977765621302357e-01 8.766132869996228294e+01
9.990506782974236666e-01 -3.443871907210471067e-02 -2.667802133093754441e-02 2.767485547342959595e+00 3.440571918795257839e-02 9.994065103802861616e-01 -1.695139126829991192e-03 -1.050210127053337716e+00 2.672056662238027694e-02 7.756533840655626191e-04 9.996426409878729213e-01 8.822515021537319058e+01
