9.999693355281400464e-01 -5.982440742152799178e-04 7.808335766194456420e-03 5.696749314665794373e-03 6.012530526882478056e-04 9.999997458979075216e-01 -3.830129070104895130e-04 -1.475351396948099136e-03 -7.808104646878033517e-03 3.876959478378197541e-04 9.999694411299153707e-01 6.023789644241333008e-01
9.999023019293828973e-01 -1.570453866570517250e-03 1.388957418260411414e-02 1.989285140109926450e-02 1.579132000181712736e-03 9.999985647643727660e-01 -6.138495911233084754e-04 -6.616628373763471828e-03 -1.388859022532852941e-02 6.357230902632545920e-04 9.999033467879309134e-01 1.218908508614410025e+00
9.998348781470496327e-01 -2.577203480729238234e-03 1.798817564104893477e-02 3.392046469314063950e-02 2.585339650184752258e-03 9.999965659545183572e-01 -4.290665029045768433e-04 -1.066367812539156801e-02 -1.798700807715090250e-02 4.755011983678697376e-04 9.998381076149491786e-01 1.848189964708573552e+00
9.997767789111764447e-01 -3.135178443917622897e-03 2.089409021990440429e-02 4.201025344585799376e-02 3.143101605547100452e-03 9.999950004551836358e-01 -3.463768680891530973e-04 -1.251381451652735372e-02 -2.089289980567364535e-02 4.119717979841424856e-04 9.997816346667645071e-01 2.509974716604084666e+00
9.997438286794392281e-01 -3.035243929967347456e-03 2.242909520382112276e-02 5.662460044698806177e-02 3.023826317829013833e-03 9.999952808280201388e-01 5.429512769260921509e-04 -1.446946503600288203e-02 -2.243063734663105699e-02 -4.749905000180746381e-04 9.997482887668520668e-01 3.183704070948786491e+00
9.997061367744711768e-01 -3.270059116879146192e-03 2.401971708482023363e-02 7.002044339791753391e-02 3.251777495604605498e-03 9.999943928529249071e-01 8.001286329818760009e-04 -1.812956979861943263e-02 -2.402219887066479181e-02 -7.217867291337416421e-04 9.997111647797757294e-01 3.860959735699131645e+00
9.996823114220046991e-01 -1.461405888596637934e-03 2.516228373553164310e-02 7.805444928857323272e-02 1.431974188933905334e-03 9.999982694621896151e-01 1.187654220995670125e-03 -2.809551776270547557e-02 -2.516397583612041758e-02 -1.151245175971138445e-03 9.996826741294779772e-01 4.566280993299248081e+00
9.996613376565303133e-01 -2.298517315100490760e-03 2.592155112853009730e-02 1.009642058176809659e-01 2.267980022383772089e-03 9.999966992156186230e-01 1.207404027667943703e-03 -2.901037935577572072e-02 -2.592424080614290360e-02 -1.148205565281712514e-03 9.996632509813516698e-01 5.287023274081685820e+00
9.996458793556762812e-01 -4.194676556476747975e-03 2.627775819592292894e-02 1.201786682299814668e-01 4.163879497452070526e-03 9.999905787469295371e-01 1.226590767960350102e-03 -3.096146469417370567e-02 -2.628265577805158695e-02 -1.116738988256271237e-03 9.996539275665776714e-01 6.021948092960589527e+00
9.996316974920524956e-01 -5.521193166351310959e-03 2.657039320705451013e-02 1.405656605246939916e-01 5.465015006928778882e-03 9.999826763362197335e-01 2.186467110545056713e-03 -3.179379063055213367e-02 -2.658200481776526805e-02 -2.040454231608145996e-03 9.996445536121312259e-01 6.791779267856700386e+00
9.996265173182863339e-01 -6.112162348202841537e-03 2.663582823084418433e-02 1.593695271390813406e-01 6.041729934068065105e-03 9.999780385568077801e-01 2.723949978117552913e-03 -3.357741995607926161e-02 -2.665189249411025266e-02 -2.562006149233883850e-03 9.996414921115338581e-01 7.554930858197963950e+00
9.996588010591057616e-01 -5.550233905029154820e-03 2.552403511733141242e-02 1.758395921533090767e-01 5.467438301949087073e-03 9.999795671114110052e-01 3.312473107736175256e-03 -3.759332403130291600e-02 -2.554189858811757238e-02 -3.171791808199281998e-03 9.996687207036338840e-01 8.335123897628093914e+00
9.996955033797438883e-01 -5.188243511601344990e-03 2.412431660348060211e-02 1.853336464506993575e-01 5.106221753644905360e-03 9.999809761572417965e-01 3.460321229655196045e-03 -3.654399724030209240e-02 -2.414181065544269977e-02 -3.336083463303254372e-03 9.997029776515636845e-01 9.147641901160490363e+00
9.997241123155660159e-01 -5.087615260870557120e-03 2.293066562075940854e-02 1.966180165812770886e-01 5.010654877336452422e-03 9.999816241635840486e-01 3.412429172971377482e-03 -4.301853842818717522e-02 -2.294760537733610273e-02 -3.296590074255320059e-03 9.997312338330379689e-01 9.966238674991656055e+00
9.997547878294863466e-01 -4.295418934955171943e-03 2.172357217844531410e-02 2.130375887806668089e-01 4.238029078249167490e-03 9.999874090270131077e-01 2.687172672693620683e-03 -4.380749599525259746e-02 -2.173484118991461655e-02 -2.594448614674306312e-03 9.997604040543089932e-01 1.081251259341692617e+01
9.997814490296610401e-01 -9.135532318516296916e-04 2.088587074182396766e-02 2.231833357142424257e-01 9.094846860667123471e-04 9.999995655501064951e-01 2.042968524131634619e-04 -5.180421075918673068e-02 -2.088604830400942261e-02 -1.852568235429707868e-04 9.997818455373913560e-01 1.166053515148362862e+01
9.998019141059725223e-01 3.214849465273308688e-03 1.964172326832707913e-02 2.355321650303307812e-01 -3.199813082066415865e-03 9.999945630482784953e-01 -7.969128699557494633e-04 -5.927888924302165963e-02 -1.964417843213978054e-02 7.339051696891239459e-04 9.998067651486104435e-01 1.252164304819350882e+01
9.998217771690443012e-01 5.018189275192107106e-03 1.819977128792188079e-02 2.475380698799420631e-01 -4.999673965483415923e-03 9.999869368840789141e-01 -1.062695363721061518e-03 -6.323726111177345455e-02 -1.820486634867682363e-02 9.715130444589230004e-04 9.998338056915418992e-01 1.339380123084871776e+01
9.998229536818231677e-01 7.406895511866833787e-03 1.729737522954142084e-02 2.518045668118888414e-01 -7.429817526362867373e-03 9.999716030822254353e-01 1.261285332113244902e-03 -7.331996642230738381e-02 -1.728754182873369280e-02 -1.389578367829542903e-03 9.998495936737086254e-01 1.427267136223900401e+01
9.998133426778884614e-01 9.950387200365357759e-03 1.656108685534233085e-02 2.508507192990214740e-01 -9.979783511970669735e-03 9.999487669735429574e-01 1.693324878696523920e-03 -7.932004705404034628e-02 -1.654338914254226828e-02 -1.858284868748458782e-03 9.998614219245712809e-01 1.515198558434308218e+01
9.998098738182725764e-01 1.207357855478062916e-02 1.531159418126234323e-02 2.516002431898665681e-01 -1.210289479144989119e-02 9.999250947251879795e-01 1.823424385717367690e-03 -8.903264725605797292e-02 -1.528843200453271906e-02 -2.008392318466434550e-03 9.998811080359196746e-01 1.601894118089055041e+01
9.998149153459827687e-01 1.384904831725751809e-02 1.335435930367557221e-02 2.630489991296352525e-01 -1.387041660402427677e-02 9.999026627893102814e-01 1.508804187774756339e-03 -1.042549539911158535e-01 -1.333216392549262455e-02 -1.693755458295487411e-03 9.999096882206471859e-01 1.688881737355838908e+01
9.998356907561577467e-01 1.359758513155302946e-02 1.198737539025951024e-02 2.661575676294215542e-01 -1.361091182028554246e-02 9.999068358817073676e-01 1.030842593204329754e-03 -1.150785776017890505e-01 -1.197224162708230080e-02 -1.193832325630800242e-03 9.999276174777860238e-01 1.776142118724452601e+01
9.998215240142269700e-01 1.535968294116498573e-02 1.100001171887436506e-02 2.536105926378907083e-01 -1.536916350861020769e-02 9.998815848700992603e-01 7.778500520640007493e-04 -1.163229947866709774e-01 -1.098676162088228596e-02 -9.467722032131804626e-04 9.999391954971470486e-01 1.862099656332139119e+01
9.998626083441713996e-01 1.318179878190159186e-02 1.005010527622782375e-02 2.619337100820057773e-01 -1.320076243363040198e-02 9.999112044884260753e-01 1.822912415603293416e-03 -1.225533165880228204e-01 -1.002518360732893021e-02 -1.955331014832539967e-03 9.999478348265283811e-01 1.948880231570858612e+01
9.999214219953017624e-01 8.984565333987098307e-03 8.742277772556976412e-03 2.662083209839676834e-01 -9.020423912977287156e-03 9.999510282804051631e-01 4.070994152520887935e-03 -1.295602361827415117e-01 -8.705273535243664845e-03 -4.149533313396707411e-03 9.999534987117940643e-01 2.035799671890636731e+01
9.999405891796948609e-01 8.331686742457170003e-03 7.028592105814380001e-03 2.732168436484889162e-01 -8.371919210981135576e-03 9.999486278626308344e-01 5.714245739020645636e-03 -1.416185760531656623e-01 -6.980621726548256675e-03 -5.772749056270684055e-03 9.999589723026862664e-01 2.121483065999635897e+01
9.999658944977499742e-01 6.084555975838746786e-03 5.584623522767924800e-03 2.735248196297014323e-01 -6.120423148633146425e-03 9.999606096751744166e-01 6.428026021609222970e-03 -1.496962830610651940e-01 -5.545291858490693400e-03 -6.461987049638432019e-03 9.999637455735956859e-01 2.207825146861582866e+01
9.999834568360025377e-01 3.311602516399193234e-03 4.703120569505782680e-03 2.758119348852925978e-01 -3.348332759986707985e-03 9.999637902684599400e-01 7.823478744348846478e-03 -1.497078013707575372e-01 -4.677042018875765712e-03 -7.839096931933995510e-03 9.999583360506805185e-01 2.293484066501004293e+01
9.999911209565319758e-01 2.223738396001498797e-03 3.579524499722294521e-03 2.820320367350558910e-01 -2.260427757403261819e-03 9.999446190538330281e-01 1.027858412610530014e-02 -1.572613801502155961e-01 -3.556469380090905401e-03 -1.028658411864753590e-02 9.999407671020912325e-01 2.378604432423800930e+01
9.999929337585673483e-01 2.071573698510149626e-03 3.137039264112097096e-03 2.760431754321019393e-01 -2.109714177305265469e-03 9.999233026949321257e-01 1.220400892117924456e-02 -1.635849553635692066e-01 -3.111517157757134888e-03 -1.221054094091602801e-02 9.999206074238631281e-01 2.464058558691326084e+01
9.999971106586231784e-01 8.860263913950248331e-04 2.234643514873114328e-03 2.700808143844619091e-01 -9.138403013407719617e-04 9.999217474493885538e-01 1.247653291839476847e-02 -1.605992451501438434e-01 -2.223414110879546809e-03 -1.247853897673499406e-02 9.999196680207355081e-01 2.548866372515931999e+01
9.999926672132644079e-01 -3.736228510494662893e-03 8.403072166038512729e-04 2.816536347985494348e-01 3.724772288388553815e-03 9.999053434267025642e-01 1.324500880054865250e-02 -1.660685251755895930e-01 -8.897140555045567880e-04 -1.324178172468967393e-02 9.999119279344833577e-01 2.634060233987253596e+01
9.999575158606699432e-01 -9.193347363075237560e-03 -6.699537441496850564e-04 2.868895067106486119e-01 9.202607582610487433e-03 9.998381420407803644e-01 1.545968091907152196e-02 -1.645389218584684954e-01 5.277190899925723747e-04 -1.546518944923927670e-02 9.998802675460004563e-01 2.718282620813325323e+01
9.999124111393721259e-01 -1.304673336010114294e-02 -2.225488278327366221e-03 2.910901444795165882e-01 1.308107291411293900e-02 9.997834450836061704e-01 1.618482215441460412e-02 -1.637457075444637422e-01 2.013847278770031831e-03 -1.621251631872094867e-02 9.998665404611523089e-01 2.801704138609492745e+01
9.998584787287460030e-01 -1.628458960977234235e-02 -4.223109692926958932e-03 2.865403183637949547e-01 1.634902612118174087e-02 9.997430614463272969e-01 1.570096923162938446e-02 -1.668896794273352913e-01 3.966340772817731307e-03 -1.576779094118609462e-02 9.998678137182479553e-01 2.884743864322748408e+01
9.997553945737716052e-01 -2.117226627400679156e-02 -6.394228762264053158e-03 2.894769668558046516e-01 2.125632892461304727e-02 9.996845489200033574e-01 1.337800924116635572e-02 -1.611133778150357354e-01 6.108968922025177772e-03 -1.351065473730374972e-02 9.998900653108215852e-01 2.968545682039760436e+01
9.997021379367784233e-01 -2.275495962210604198e-02 -8.823107005475772785e-03 2.906170856201517605e-01 2.285231281069849754e-02 9.996772877308286454e-01 1.109469216944407831e-02 -1.556251229681712145e-01 8.567800408257525424e-03 -1.129301588279508529e-02 9.998995252466295058e-01 3.049322804686953603e+01
9.996788987436054930e-01 -2.279473950107012425e-02 -1.106793828360769401e-02 2.806540266868706723e-01 2.291389059409666695e-02 9.996795294236952012e-01 1.076067233306680394e-02 -1.586494591469737037e-01 1.081910461235884025e-02 -1.101082659459381823e-02 9.998808472378548640e-01 3.132296450709373303e+01
9.996901839244185517e-01 -2.125872410480071292e-02 -1.294615057063124540e-02 2.569095094922883016e-01 2.140331054748728645e-02 9.997089230886736511e-01 1.113406459882004818e-02 -1.636907019116543016e-01 1.270568623763826920e-02 -1.140770556767853328e-02 9.998542042672580177e-01 3.214324588160596363e+01
9.996784153933478967e-01 -2.055556033714912509e-02 -1.485041197643691135e-02 2.389918222422785787e-01 2.072291424718212052e-02 9.997224691510979699e-01 1.120470881078372560e-02 -1.666668073860814170e-01 1.461597146097433006e-02 -1.150884936283119893e-02 9.998269449082652915e-01 3.295627009844829303e+01
9.996630179997509913e-01 -1.980073495817512644e-02 -1.678634381705843004e-02 2.190895896717498237e-01 1.999423231209058321e-02 9.997346584338095976e-01 1.143868001487481634e-02 -1.718433019338475864e-01 1.655539543105353020e-02 -1.177045544355210041e-02 9.997936663435973426e-01 3.377059035085139271e+01
9.996354997367588036e-01 -1.928637633700847759e-02 -1.889188592562301983e-02 2.142685157647220284e-01 1.948885037349143423e-02 9.997539597265964195e-01 1.059267303890769341e-02 -1.781470464449194657e-01 1.868294348220155346e-02 -1.095699314487413173e-02 9.997654184477795525e-01 3.459535544236118909e+01
9.996165277947522965e-01 -1.861861701786049483e-02 -2.049742568969956796e-02 1.877640891330186745e-01 1.879524370969443137e-02 9.997875750450812005e-01 8.458344954420216055e-03 -1.820197211030577522e-01 2.033558883966021802e-02 -8.840355525487062979e-03 9.997541257432884798e-01 3.538843933968272637e+01
9.995960782511617015e-01 -1.816990680192719435e-02 -2.185257036840541553e-02 1.700135535573545076e-01 1.829431926300335853e-02 9.998174794494535389e-01 5.506874798238350563e-03 -1.909603393936246118e-01 2.174852242337708616e-02 -5.904428350776074613e-03 9.997460375006494981e-01 3.619285991919130652e+01
9.995817643949815867e-01 -1.747577602695148807e-02 -2.304112717014557277e-02 1.517231787433413193e-01 1.753084317624901273e-02 9.998439242916201675e-01 2.190112933515291245e-03 -1.927444123926274622e-01 2.299925708680081865e-02 -2.593127337331320621e-03 9.997321190519324885e-01 3.698769737893572795e+01
9.995792280011710496e-01 -1.697234110278828673e-02 -2.352246981234847045e-02 1.322777100613736767e-01 1.698113257044847960e-02 9.998557950263471383e-01 1.740369357618171532e-04 -1.989878611073970793e-01 2.351612394097073871e-02 -5.734018841603518877e-04 9.997232932792312621e-01 3.777737353805967047e+01
9.995769653871958704e-01 -1.801905976791418756e-02 -2.282988726218819486e-02 1.057033611837492337e-01 1.799553965552442777e-02 9.998373040873687057e-01 -1.235276409496533249e-03 -2.137304200750801964e-01 2.284843145229745534e-02 8.239177032610736900e-04 9.997386010051766414e-01 3.856212989047440232e+01
9.995830420351597967e-01 -1.852741845073960225e-02 -2.214671174885372157e-02 9.137154857750527659e-02 1.849526440966052857e-02 9.998275768426120313e-01 -1.655831949900791458e-03 -2.233592771690177392e-01 2.217357143430817579e-02 1.245532247981256339e-03 9.997533602740562575e-01 3.936094217715508137e+01
9.995891329819015514e-01 -1.960627747397871573e-02 -2.090835020041910755e-02 7.238282973754989191e-02 1.956919686197449923e-02 9.998065510168117065e-01 -1.976633006807478835e-03 -2.363779443570082905e-01 2.094305991652841911e-02 1.566661252366989511e-03 9.997794425841396437e-01 4.014269826451776169e+01
9.996048809033937221e-01 -1.996550981116473542e-02 -1.978536054996288610e-02 5.752481299815639937e-02 1.993320140377962887e-02 9.997996413528230653e-01 -1.828833661580619692e-03 -2.462000610792018096e-01 1.981790997830249618e-02 1.433725477787604246e-03 9.998025779499402077e-01 4.092908232310041683e+01
9.995996683099946933e-01 -2.090722703280943270e-02 -1.906281648516107430e-02 4.960800415386021345e-02 2.088659763055215543e-02 9.997810310044661364e-01 -1.280657278603961448e-03 -2.585758740118400678e-01 1.908541731185828955e-02 8.819872132806819446e-04 9.998174678132943916e-01 4.171072298917047050e+01
9.996291261394354422e-01 -2.068108039448022378e-02 -1.771731038914689180e-02 3.888729798678680627e-02 2.067218377046960848e-02 9.997860728061404023e-01 -6.851576706890908936e-04 -2.673337602769356169e-01 1.772768997552304215e-02 3.186480673357690568e-04 9.998428013800674252e-01 4.249982641720437471e+01
9.996400172699455577e-01 -2.108986254969577590e-02 -1.658473907475454395e-02 2.003996619574545390e-02 2.108583940929839931e-02 9.997775818308337614e-01 -4.174265139752211459e-04 -2.843666330376504181e-01 1.658985379525780221e-02 6.757310286372952249e-05 9.998623766223668774e-01 4.328565777369149714e+01
9.996652289815785020e-01 -2.084011278983417120e-02 -1.533361223310127607e-02 3.011041525724761359e-03 2.083618661210261125e-02 9.997828166430801078e-01 -4.157796214302705417e-04 -2.993975103958654849e-01 1.533894692192913287e-02 9.614642453644454316e-05 9.998823468104591772e-01 4.406925666099152039e+01
9.997041506636263897e-01 -2.014231556315584232e-02 -1.363445157208593821e-02 -2.349172310888580917e-02 2.014216100049948457e-02 9.997971150425672970e-01 -1.486700638562898013e-04 -3.017023769076164208e-01 1.363467990630013414e-02 -1.260012388019123963e-04 9.999070354925705395e-01 4.487284500021164746e+01
9.997291954564341276e-01 -1.965248267742390753e-02 -1.246257102865872338e-02 -3.578742168540408747e-02 1.967064375644102595e-02 9.998056210958861101e-01 1.336338009280372326e-03 -3.073238882746063272e-01 1.243388620818119440e-02 -1.581122917869812834e-03 9.999214461766887663e-01 4.565991777476230595e+01
9.997384238712372362e-01 -2.001711563708634053e-02 -1.106340440485906358e-02 -4.958728874172896317e-02 2.005412801527374153e-02 9.997936305860812833e-01 3.244717098296477989e-03 -3.197916431843711993e-01 1.099617137920988127e-02 -3.465735285978769481e-03 9.999335342381145963e-01 4.645541266172529049e+01
9.997374243559835616e-01 -2.057907163807081580e-02 -1.007889639687259940e-02 -4.216983360621909260e-02 2.062750155703306845e-02 9.997760655711823707e-01 4.724922276619867960e-03 -3.263761886520644695e-01 9.979404870950000367e-03 -4.931584078229829873e-03 9.999380435591503913e-01 4.727677218458166664e+01
9.997767159653216940e-01 -1.948734152574782552e-02 -8.170785387888079149e-03 -6.184760269997330306e-02 1.952241557422371154e-02 9.998004498997862255e-01 4.235052577131879180e-03 -3.333445466201945262e-01 8.086624990895054099e-03 -4.393620425415536122e-03 9.999576504011629119e-01 4.808887391260078914e+01
9.998227396494188124e-01 -1.756238211690530626e-02 -6.786163445551661975e-03 -7.490201967040586994e-02 1.757896636723240910e-02 9.998426168539032988e-01 2.391958234831907844e-03 -3.373242801370402999e-01 6.743086933270897761e-03 -2.510827974448527275e-03 9.999741129256763950e-01 4.888199261286710851e+01
9.998363729414505574e-01 -1.736950488010373383e-02 -5.052488842543494119e-03 -8.741773819137718671e-02 1.737590314705161204e-02 9.998482768922893893e-01 1.225228690058810955e-03 -3.443836179198763170e-01 5.030440647523426977e-03 -1.312819766271806216e-03 9.999864854942558390e-01 4.969191316833241956e+01
9.998620850865370668e-01 -1.622336345403902272e-02 -3.551518638549766484e-03 -8.646872544270710337e-02 1.622588770581469622e-02 9.998681182782260812e-01 6.830951007311562634e-04 -3.458270097306498925e-01 3.539968158063981716e-03 -7.406274343436731111e-04 9.999934600268363116e-01 5.050869858192017148e+01
9.998930963867850297e-01 -1.450838281167043074e-02 -1.817312916647391202e-03 -9.613141503499723906e-02 1.451201192920651382e-02 9.998926950790788526e-01 1.999959315116920343e-03 -3.565906225023318110e-01 1.788101734677111304e-03 -2.026118378965345579e-03 9.999963487615849411e-01 5.133941255474345411e+01
9.999078465139695782e-01 -1.357434899035426037e-02 1.884921315858831237e-04 -1.088971038981638301e-01 1.357362693496187191e-02 9.999020496651136458e-01 3.412876694864800699e-03 -3.671191610646726833e-01 -2.348012480356015017e-04 -3.410003664505660993e-03 9.999941583546289037e-01 5.216759404716262338e+01
9.999050997876082203e-01 -1.367023412768328047e-02 1.707664377895048817e-03 -9.335873328528530857e-02 1.366404171886449401e-02 9.999002096025575437e-01 3.586753499453906435e-03 -3.627923190233195982e-01 -1.756525729483892880e-03 -3.563079518483640382e-03 9.999921095097237256e-01 5.301391014976305627e+01
9.999292714140425309e-01 -1.138180460592006123e-02 3.450607670323845976e-03 -9.637360122440259691e-02 1.136986118322864600e-02 9.999293702206362155e-01 3.461333100856539731e-03 -3.720243188581203730e-01 -3.489760171695364260e-03 -3.421855355451427962e-03 9.999880561686079750e-01 5.384784346232260788e+01
9.999495733723305912e-01 -8.629627893604307695e-03 5.136169283780947850e-03 -9.633076520906977414e-02 8.611389673993653099e-03 9.999565752543937425e-01 3.562523457567499680e-03 -3.767376678815377300e-01 -5.166689498737446658e-03 -3.518114256389313129e-03 9.999804639050220434e-01 5.469073540183263304e+01
9.999470529341357716e-01 -8.384390913640670309e-03 5.966013521925269542e-03 -9.213886236407745067e-02 8.355062214874768925e-03 9.999529723697534456e-01 4.924021149399824757e-03 -3.820237048536973545e-01 -6.007017872630910152e-03 -4.873914022777247126e-03 9.999700799015823760e-01 5.554440680499624250e+01
9.999101792940229272e-01 -1.116344298354685072e-02 7.416932313812680047e-03 -8.471957726773957087e-02 1.111796329052812567e-02 9.999193112614482848e-01 6.145067835308466210e-03 -3.757239863053710716e-01 -7.484933965309841647e-03 -6.062054699783929468e-03 9.999536125522784369e-01 5.640315220244216476e+01
9.998194642925708475e-01 -1.708059822331947641e-02 8.324180803528083081e-03 -7.392222266414220921e-02 1.703899272494212649e-02 9.998421044288983150e-01 5.043702817435284994e-03 -3.897138210653269264e-01 -8.409015913628586567e-03 -4.900956592826666812e-03 9.999526334161233931e-01 5.726219706968642242e+01
9.998135928525905269e-01 -1.736615157971227452e-02 8.437791565602582172e-03 -7.583972988720925901e-02 1.737751668911700215e-02 9.998481860075161265e-01 -1.275480771404766079e-03 -3.966649633003352937e-01 -8.414360398364028465e-03 1.421870876423139999e-03 9.999635877482229152e-01 5.812035404596365851e+01
9.998334689861820834e-01 -1.684723033027464220e-02 7.014636502040046129e-03 -5.584730155297797094e-02 1.691854598161232973e-02 9.998044887510286749e-01 -1.023460185652452087e-02 -4.026150486894249925e-01 -6.840840366880915346e-03 1.035157492810539342e-02 9.999230209369036615e-01 5.900067246566130308e+01
9.998093035900530445e-01 -1.864966105596947005e-02 5.791942443647743119e-03 -4.179586802759353847e-02 1.874235463906569546e-02 9.996900846817887709e-01 -1.638471029652126265e-02 -4.078650906270698262e-01 -5.484578138431870503e-03 1.649014043041760469e-02 9.998489859329904306e-01 5.987329065503200098e+01
9.997609122599501186e-01 -2.126845396460997836e-02 5.076532587043033028e-03 -3.178942879628186835e-02 2.134087090773597456e-02 9.996647004636138867e-01 -1.466471533620412014e-02 -4.171445212359137233e-01 -4.762934604987966759e-03 1.476954680915491813e-02 9.998795802200390881e-01 6.073998335752685307e+01
9.998476760472824187e-01 -1.661777614963540553e-02 5.336123938675414215e-03 -4.599530160425172737e-02 1.664981916590164979e-02 9.998432729971191701e-01 -6.017720843512644989e-03 -4.527408668790803836e-01 -5.235286486055003123e-03 6.105649699113192136e-03 9.999676558855098429e-01 6.160656395090425974e+01
9.999190952795795617e-01 -1.167813532422147527e-02 5.042226751727728155e-03 -6.044062909121224181e-02 1.166431481724002767e-02 9.999281557614513316e-01 2.761716014820119088e-03 -4.712882364604222829e-01 -5.074116190134285963e-03 -2.702678458746007352e-03 9.999834743004698545e-01 6.248382318797672497e+01
9.999465307616579590e-01 -9.408348416812529341e-03 4.291689386725259028e-03 -6.632320943907155097e-02 9.370869195413873004e-03 9.999184965132732472e-01 8.671051906025902672e-03 -4.842158592295939812e-01 -4.372919876548436550e-03 -8.630371411614530183e-03 9.999531960352202598e-01 6.335169389090237502e+01
9.999540827471861126e-01 -8.668046647500302071e-03 4.086240882511512316e-03 -6.761952213438944537e-02 8.622932012167593141e-03 9.999030647107497449e-01 1.093189030144746388e-02 -4.801617723526474535e-01 -4.180602916647908895e-03 -1.089615296176153943e-02 9.999318958858587347e-01 6.421631305649232502e+01
9.999287328215270554e-01 -1.150920623929730345e-02 3.172924467419944473e-03 -6.293306205696387601e-02 1.147831798801909019e-02 9.998881617179404824e-01 9.587088842964124405e-03 -4.862764355272948813e-01 -3.282909395726529324e-03 -9.549985762203521203e-03 9.999490088388717224e-01 6.507552306591743729e+01
9.998830669980562913e-01 -1.514485106059559015e-02 2.117974719450398894e-03 -4.480601643210688906e-02 1.513222305443445020e-02 9.998683506857101166e-01 5.856374515675152881e-03 -4.870252154083880014e-01 -2.206389809325852436e-03 -5.823640046344165204e-03 9.999806083422921876e-01 6.595407169236797529e+01
9.998470647569419612e-01 -1.747731448722720377e-02 6.249601920556539661e-04 -4.124025853370311828e-02 1.747572025072589852e-02 9.998442336181694312e-01 2.471376582569435789e-03 -4.934227403350003871e-01 -6.680558700176672570e-04 -2.460076992506897691e-03 9.999967508559947094e-01 6.681420478653606665e+01
9.998298735415855898e-01 -1.842288137966940909e-02 -9.063197487913169769e-04 -4.062010897977599150e-02 1.842400915428404548e-02 9.998294794726948487e-01 1.252143778469232919e-03 -5.014833712909565477e-01 8.830971063688348608e-04 -1.268628799031224158e-03 9.999988053595223469e-01 6.768364093783213775e+01
9.998037856722122863e-01 -1.966757824252341608e-02 -2.361465982514896356e-03 -4.801470783220394833e-02 1.967159100467242086e-02 9.998050701847076560e-01 1.688235853100566921e-03 -5.101712529082876868e-01 2.327802151654437181e-03 -1.734358390016992307e-03 9.999957866601831835e-01 6.854304474455598495e+01
9.998006423088080519e-01 -1.966403965786883007e-02 -3.464272395156830879e-03 -5.735994223180460733e-02 1.967477628915568003e-02 9.998016488575965921e-01 3.092914418766678879e-03 -5.220555317524179229e-01 3.402766060980653897e-03 -3.160456606868517968e-03 9.999892162904413517e-01 6.939488539421436997e+01
9.998044362581364197e-01 -1.912113976037167762e-02 -5.046905270918233127e-03 -6.109710850130430776e-02 1.913931833559694151e-02 9.998104222971188060e-01 3.578541561129420026e-03 -5.290736243785624238e-01 4.977522696881682418e-03 -3.674436054741028225e-03 9.999808612105945960e-01 7.025593640213536162e+01
9.997961318097713379e-01 -1.930681511343522797e-02 -5.911151190171166046e-03 -7.440721829798319087e-02 1.933577376957841196e-02 9.998011288114161399e-01 4.881667763033114248e-03 -5.449026621540592474e-01 5.815726175562005267e-03 -4.994969228391903625e-03 9.999706133739425518e-01 7.112944025487634292e+01
9.997878126061344739e-01 -1.940267990167455700e-02 -6.918509729197917964e-03 -8.401890401574886591e-02 1.943660148412936980e-02 9.997992308702404740e-01 4.869956264851259785e-03 -5.526396338664939512e-01 6.822630503478316864e-03 -5.003395237993686281e-03 9.999642082340277627e-01 7.199466670404564184e+01
9.997885931139741666e-01 -1.925156478928706852e-02 -7.221241745213838326e-03 -1.060949250345646633e-01 1.928428372247931524e-02 9.998039634505021533e-01 4.488994316862678947e-03 -5.621651061753225598e-01 7.133405952969219810e-03 -4.627301787196091629e-03 9.999638506454525677e-01 7.286675385551910722e+01
9.998212335735024991e-01 -1.714556611364561473e-02 -7.970599613647096765e-03 -1.163391739262031599e-01 1.717493845952959217e-02 9.998459055004251805e-01 3.631355524482373070e-03 -5.649117065150389694e-01 7.907109741861184302e-03 -3.767600917881870626e-03 9.999616406637077404e-01 7.372684973646231299e+01
9.998420040745197301e-01 -1.572288193270335657e-02 -8.292036660384995844e-03 -1.351645607408193395e-01 1.575330327440433234e-02 9.998693694688107758e-01 3.616273494388805212e-03 -5.745789390114987016e-01 8.234095226042799365e-03 -3.746329106184804504e-03 9.999590815098571284e-01 7.458011917547115388e+01
9.998551818999157348e-01 -1.500278221837478623e-02 -8.033165851232050222e-03 -1.596140871832304187e-01 1.503892289724669679e-02 9.998769727984381239e-01 4.457585167009524285e-03 -5.711045234116431946e-01 7.965301373837217411e-03 -4.577749789852160120e-03 9.999577981999470122e-01 7.545169668799672991e+01
9.998805020919161457e-01 -1.319632637605208658e-02 -8.052236123792994027e-03 -1.588613018375479302e-01 1.323667638276432301e-02 9.998999975550161290e-01 4.978482481215786189e-03 -5.826142196252931393e-01 7.985733200813475291e-03 -5.084472406702114297e-03 9.999551870986976843e-01 7.633369181141416959e+01
9.999066916832457519e-01 -1.135505425778904690e-02 -7.594120743599495557e-03 -1.733751222396625047e-01 1.138775546776802684e-02 9.999260111257417538e-01 4.276832889931829126e-03 -5.966825146389711509e-01 7.544995193638052294e-03 -4.362913815874658145e-03 9.999620182939769064e-01 7.720427271456640028e+01
9.999195391138891997e-01 -1.072086097176733199e-02 -6.780740246505273169e-03 -1.846558390344407996e-01 1.073366511864907481e-02 9.999406724156969517e-01 1.854745794849762489e-03 -6.036322190461759218e-01 6.760453489762136697e-03 -1.927378755422141932e-03 9.999752904345919902e-01 7.807522611970671278e+01
9.999409448788314503e-01 -9.252960327490497572e-03 -5.699954386355731394e-03 -2.144767859354795303e-01 9.250040207341317031e-03 9.999570724891497786e-01 -5.384562106213055350e-04 -6.083283302684527882e-01 5.704692015456963756e-03 4.856996047707352535e-04 9.999836101581383030e-01 7.894019222734900154e+01
9.999359945147331397e-01 -9.991554217725222981e-03 -5.308080457643336164e-03 -2.105561923618673448e-01 9.985311180567247105e-03 9.999494238905137777e-01 -1.201341606719237001e-03 -6.231286908875669495e-01 5.319815265382520954e-03 1.148261879125665958e-03 9.999851904204382080e-01 7.983791399908420772e+01
9.999337565177154330e-01 -1.034624938424261870e-02 -5.043580082483122527e-03 -2.124254169073632736e-01 1.033708139692878815e-02 9.999448772337659053e-01 -1.840446179938988978e-03 -6.307859161270309434e-01 5.062343781553206232e-03 1.788188364530511045e-03 9.999855874250443977e-01 8.073677472412917666e+01
9.999183817121574114e-01 -1.182945605009482620e-02 -4.826373762802174845e-03 -2.215019860114143258e-01 1.181960224517321530e-02 9.999280135930143087e-01 -2.065099197046251639e-03 -6.471382563693780510e-01 4.850455329686791800e-03 2.007884829022697423e-03 9.999862206458691727e-01 8.164272819743406728e+01
9.999175788435361589e-01 -1.195054803525131062e-02 -4.692538900973812488e-03 -2.352008640860319966e-01 1.193664737143857596e-02 9.999243175209725498e-01 -2.979207905864094882e-03 -6.634879807898081960e-01 4.727786925182909765e-03 2.922949173965461167e-03 9.999845520801395882e-01 8.256718288713067011e+01
9.999070388133202147e-01 -1.275973125634174282e-02 -4.806556963441878383e-03 -2.511925377107370183e-01 1.273925908743922357e-02 9.999097520870532385e-01 -4.266023805612233905e-03 -6.699905862616358787e-01 4.860556499000262369e-03 4.204395256501037084e-03 9.999793488122883378e-01 8.348250752863781088e+01
9.999120577896232209e-01 -1.218363306730347977e-02 -5.237916780752340830e-03 -2.507479867479391888e-01 1.215569771603354152e-02 9.999118980941260615e-01 -5.332453735177813611e-03 -6.798535049548470877e-01 5.302423969958952252e-03 5.268314254361045751e-03 9.999720641922759112e-01 8.444773998219720568e+01
9.999158519554686153e-01 -1.164055221396728158e-02 -5.725954271812041738e-03 -2.564853816774090300e-01 1.161033564426431318e-02 9.999186450904907764e-01 -5.282358055266506668e-03 -6.923657415681222504e-01 5.786978002075632982e-03 5.215433304186195551e-03 9.999696546101056738e-01 8.537063410041810130e+01
9.999133667385300406e-01 -1.161402097573745705e-02 -6.194637551361212996e-03 -2.634224270710990301e-01 1.158960300308398313e-02 9.999249841359325597e-01 -3.963231381729224838e-03 -6.973215229732250275e-01 6.240201907671845578e-03 3.891094644100391835e-03 9.999729592657108368e-01 8.633162599817725891e+01
9.999269077461762079e-01 -1.024423752371553080e-02 -6.421429959705983286e-03 -2.867678068927283497e-01 1.023216854587007466e-02 9.999458267456441396e-01 -1.909528951943472797e-03 -7.111052435973392871e-01 6.440643758089597409e-03 1.843684226515419217e-03 9.999775592164331650e-01 8.729954495150218463e+01
9.999282916344602867e-01 -1.000642349107216077e-02 -6.578987604996987953e-03 -3.026002154599716221e-01 1.000322321417163908e-02 9.999498317375581369e-01 -5.191660195483854216e-04 -7.161148643381713974e-01 6.583852543674022749e-03 4.533177094656222744e-04 9.999782234572602846e-01 8.825323571183946569e+01
9.999377566587197563e-01 -9.195316868596665333e-03 -6.318936303891087465e-03 -3.228705641075769184e-01 9.198344563194458742e-03 9.999575929666580931e-01 4.502506229108834313e-04 -7.303941284540259593e-01 6.314528139400641879e-03 -5.083463512037737601e-04 9.999799339578595569e-01 8.920992094303744580e+01
9.999408207502177293e-01 -8.658590005022597652e-03 -6.586639242088142970e-03 -3.371283977568951262e-01 8.659900167115394329e-03 9.999624878399167027e-01 1.704174269789915700e-04 -7.348543265613916020e-01 6.584916588392588678e-03 -2.274469800768058624e-04 9.999782933351084591e-01 9.017775970633663007e+01
9.999394116134946442e-01 -8.619463509406647891e-03 -6.846747466332547480e-03 -3.440131640837257310e-01 8.619462147304374905e-03 9.999628513048653966e-01 -2.970747573112888021e-05 -7.445456566590634706e-01 6.846749181101306758e-03 -2.930960481510293475e-05 9.999765603085900567e-01 9.113885145793231857e+01
9.999465048904312425e-01 -8.085123999790378574e-03 -6.451211306274307229e-03 -3.684395710875676411e-01 8.077820922986261518e-03 9.999667041762826392e-01 -1.157302016876007780e-03 -7.530989037832818145e-01 6.460353438191568376e-03 1.105128377209379110e-03 9.999785210316892714e-01 9.211646158938127371e+01
9.999433588450652444e-01 -8.322814949506698520e-03 -6.633992234307451059e-03 -3.727514811842677078e-01 8.305348841787216913e-03 9.999619826047000393e-01 -2.656035747669414828e-03 -7.695886531189994884e-01 6.655845721229419580e-03 2.600787687017485673e-03 9.999744674846169357e-01 9.309700409912085206e+01
9.999380084569947647e-01 -9.354473014947153192e-03 -6.039294468007653204e-03 -3.879487519759188818e-01 9.330256126127599997e-03 9.999483687538619492e-01 -4.025685918035481169e-03 -7.764673010946223641e-01 6.076640821995419987e-03 3.969088195346149803e-03 9.999736600407128639e-01 9.408203367602143885e+01
9.999445066964834927e-01 -9.032029498930926534e-03 -5.422727234187765984e-03 -4.058912197077174655e-01 9.006145174500913841e-03 9.999480243911111899e-01 -4.778897928262957652e-03 -7.943185139185069410e-01 5.465608531698411265e-03 4.729794862716935923e-03 9.999738777407817247e-01 9.508606247601012740e+01
9.999580058157204743e-01 -7.825482933240882066e-03 -4.769530575295898717e-03 -4.242104177491550776e-01 7.802802264872619672e-03 9.999582497548966664e-01 -4.755525621629291474e-03 -8.114611224261983891e-01 4.806545730816030697e-03 4.718110213234693977e-03 9.999773180198410216e-01 9.608782963143502798e+01
9.999757907598937345e-01 -5.581352177106745430e-03 -4.155286031088237242e-03 -4.418593486980045837e-01 5.566635049693261124e-03 9.999782226608143754e-01 -3.544965210171703140e-03 -8.233657776818014140e-01 4.174981239308512594e-03 3.521748428395604473e-03 9.999850832985757165e-01 9.708443897268736578e+01
9.999906424659784632e-01 -2.465609029781427007e-03 -3.554680378253590074e-03 -4.532506719604416090e-01 2.461176237538552879e-03 9.999961889665278658e-01 -1.250865279454800756e-03 -8.390016214268173345e-01 3.557750975975777340e-03 1.242104879561387000e-03 9.999928997665243902e-01 9.810738699524469553e+01
9.999925272430760792e-01 3.026346297551858657e-03 -2.405553178134678394e-03 -4.859670401504212478e-01 -3.029062567908534336e-03 9.999947780706608391e-01 -1.126326493031226499e-03 -8.554851091305180066e-01 2.402131962493967831e-03 1.133604647354125678e-03 9.999964723450475157e-01 9.911734915218281117e+01
9.999772543917841983e-01 6.547591423521372661e-03 -1.618562825243571217e-03 -5.003671532225257845e-01 -6.547953260184132505e-03 9.999785380840138238e-01 -2.183562694193071302e-04 -8.715200165365849516e-01 1.617098380147301848e-03 2.289495765015145694e-04 9.999986662865714138e-01 1.001591874099751038e+02
9.999898841467387278e-01 4.465482156196781856e-03 -5.395120985767041123e-04 -5.079476859948313106e-01 -4.464351210278477873e-03 9.999878724128397067e-01 2.079566183856925484e-03 -8.716787691439137342e-01 5.487918212833730941e-04 -2.077136575780327756e-03 9.999976921629287752e-01 1.011939296891836335e+02
9.999829473292886073e-01 5.839681299772455335e-03 -5.632890832500323902e-05 -5.158367566527468639e-01 -5.839228803177168997e-03 9.999643290091930758e-01 6.102795767348016993e-03 -8.748720990286225074e-01 9.196528133596947236e-05 -6.102362780997443864e-03 9.999813761820154356e-01 1.022304241908487654e+02
9.999935390045285866e-01 3.594180594381182065e-03 6.176611562033424774e-05 -5.205847292998545539e-01 -3.594613045213572878e-03 9.999456150247156838e-01 9.790084264075619991e-03 -8.721136256665353859e-01 -2.657542559234124776e-05 -9.790243035670498362e-03 9.999520740690779341e-01 1.032615395592509202e+02
9.999998722799086082e-01 -3.878983886260157186e-04 3.239984666910001730e-04 -5.089227105927746075e-01 3.829876753286775800e-04 9.998870964365249581e-01 1.502157449056406267e-02 -8.752200302240985552e-01 -3.297887306490417244e-04 -1.502144848458764580e-02 9.998871172911568683e-01 1.043340793974149676e+02
9.999987771247830226e-01 -1.497519531130130652e-03 4.507595728219870130e-04 -5.154641008454748929e-01 1.489324088076345249e-03 9.998428797070468832e-01 1.766345982190356892e-02 -8.653909959420973408e-01 -4.771401254164628889e-04 -1.766276689460659008e-02 9.998438873158794760e-01 1.053726541737769082e+02
9.999940386618765276e-01 -3.421293323207464428e-03 4.662539073729636270e-04 -5.230517319543529497e-01 3.412927557349134354e-03 9.998514283106444411e-01 1.689595308504327972e-02 -8.654959042982020012e-01 -5.239906467213379434e-04 -1.689426107174484340e-02 9.998571444844726042e-01 1.064253199763421946e+02
9.999835611266419955e-01 -5.705367807356365173e-03 -5.711870642422869643e-04 -5.066062505218519307e-01 5.713776274200828981e-03 9.998556984895624611e-01 1.599796732828815543e-02 -8.625738730225213091e-01 4.798303533082450651e-04 -1.600096797482507271e-02 9.998718611835729630e-01 1.075063133838749962e+02
9.999608828262203097e-01 -8.755956643108251183e-03 -1.251415466583452943e-03 -5.121187961578154146e-01 8.774397058141314432e-03 9.998401240008822910e-01 1.557999981276986592e-02 -8.493095015674669845e-01 1.114797592425199229e-03 -1.559037078339822052e-02 9.998778413212113803e-01 1.085613013523702364e+02
9.999354157298555590e-01 -1.116281818573534694e-02 -2.134445903076462574e-03 -5.153941629708814753e-01 1.119711370561137648e-02 9.997962667209090437e-01 1.679433522340843463e-02 -8.474018840408220621e-01 1.946538934764413054e-03 -1.681715020700071117e-02 9.998566869532313772e-01 1.096298455354554591e+02
9.998871366812338568e-01 -1.471244708771727271e-02 -3.042663322631861903e-03 -5.181575914166688390e-01 1.476330054649803436e-02 9.997391342599716291e-01 1.742723116550106907e-02 -8.394344449082209447e-01 2.785472379604721129e-03 -1.747018402344866633e-02 9.998435046615099520e-01 1.107167788821036254e+02
9.998166910048229550e-01 -1.875541231857446797e-02 -3.849532040000117061e-03 -5.248571094165094264e-01 1.882697432115623334e-02 9.996329377203211353e-01 1.948165451265780959e-02 -8.255733616539198128e-01 3.482732558960931462e-03 -1.955055839101027884e-02 9.998028036770670868e-01 1.117822977904370134e+02
9.997495445221361576e-01 -2.188357329515555963e-02 -4.685877465023703323e-03 -5.295357255635139149e-01 2.197991821545909261e-02 9.995249533619625648e-01 2.160441626167250093e-02 -8.220541220815069661e-01 4.210869627926356641e-03 -2.170200052072261687e-02 9.997556160134218883e-01 1.128444927189294020e+02
9.996386184596773861e-01 -2.632762277369122411e-02 -5.430355707881653893e-03 -5.315543456351107254e-01 2.643425371117823219e-02 9.994382706835571728e-01 2.060032339049748182e-02 -8.190253361131129006e-01 4.884947774640787874e-03 -2.073642621442358183e-02 9.997730432018531177e-01 1.139031740976494547e+02
