9.999916517562620344e-01 6.918334301929229390e-04 -4.027131024407114117e-03 4.942598170600831509e-04 -6.883042480359464251e-04 9.999993779648466141e-01 8.776714545589985213e-04 -2.665157616138458252e-02 4.027735721843038637e-03 -8.748922361522771477e-04 9.999915059181904153e-01 1.869448900222778320e+00
9.999787197807609163e-01 7.490076008781618904e-04 -6.480661482028992650e-03 -2.613147040800600784e-02 -7.461095456618385300e-04 9.999996205940747673e-01 4.495912062663717118e-04 -5.274690105809471535e-02 6.480995770458406954e-03 -4.447463554729894097e-04 9.999788992246300134e-01 3.848516544080569979e+00
9.999556862119767242e-01 1.639104614892593391e-03 -9.270326229260748147e-03 -5.092755919662748237e-02 -1.635185711390027986e-03 9.999985705037639505e-01 4.303000329254942505e-04 -1.043695839548435533e-01 9.271018284134050283e-03 -4.151222597110372091e-04 9.999569370195322549e-01 5.731868948813168885e+00
9.999256926368641496e-01 3.787657021662675823e-03 -1.158718511867398715e-02 -7.013921772011252886e-02 -3.787468632320881417e-03 9.999928267852465913e-01 3.820224386331215059e-05 -1.247798053517208960e-01 1.158724669830395008e-02 5.686695018568152902e-06 9.999328655872924410e-01 7.613427649291820032e+00
9.998815040401836107e-01 7.616412715756812682e-03 -1.337789728186767647e-02 -1.021162682707452418e-01 -7.614204829295593419e-03 9.999709882008751549e-01 2.159661622502838450e-04 -1.219621216467793590e-01 1.337915405242335286e-02 -1.140785210431829116e-04 9.999104886053213903e-01 9.639073821810479004e+00
9.998490821466865519e-01 9.296820577995638241e-03 -1.467590057099566955e-02 -1.611263212429786817e-01 -9.301366061877017546e-03 9.999567121974622941e-01 -2.414966358420196136e-04 -1.446828367738822452e-01 1.467302013261607106e-02 3.779661131866962143e-04 9.998922740084579264e-01 1.163647860494343078e+01
9.998074797912974709e-01 1.038068711374384896e-02 -1.665066630563948047e-02 -1.840646207241503907e-01 -1.040538517606989267e-02 9.999448861567822311e-01 -1.397357591300455544e-03 -1.735941918261578731e-01 1.663524309148593089e-02 1.570345168073732350e-03 9.998603916064183750e-01 1.354214097230174652e+01
9.997865961662737444e-01 9.593747532554363147e-03 -1.829541293709611646e-02 -2.346999037569397484e-01 -9.623202296726935528e-03 9.999525367160935208e-01 -1.522594038646156098e-03 -1.982213133970635310e-01 1.827993719391634783e-02 1.698329571036929705e-03 9.998314655845027543e-01 1.547662251018414992e+01
9.997599860398903582e-01 9.130760914311822352e-03 -1.991480651788828105e-02 -2.765938351934258410e-01 -9.148122081926383931e-03 9.999578501844699208e-01 -7.808436642520350272e-04 -2.508953264948151629e-01 1.990683741565748774e-02 9.628393321355357103e-04 9.998013756564486654e-01 1.740153758790777871e+01
9.997153228018960114e-01 7.117427041773061527e-03 -2.277313301692662773e-02 -3.105324294695902543e-01 -7.128399812614191755e-03 9.999745123584558026e-01 -4.006863868000041140e-04 -2.846100529783388011e-01 2.276970072735076678e-02 5.629083176525886793e-04 9.997405782816924935e-01 1.925305150105063134e+01
9.996441588558674374e-01 4.070925674671449328e-03 -2.636253458029652608e-02 -3.984909752668898131e-01 -4.090189123865525626e-03 9.999914060895358503e-01 -6.768308537606252491e-04 -3.015118681848187321e-01 2.635955269493474307e-02 7.844177617130958452e-04 9.996522188593881530e-01 2.115589473579859003e+01
9.995478193900785291e-01 3.270841670721737291e-03 -2.989077361502489108e-02 -4.116499894741874610e-01 -3.269229132486880206e-03 9.999946507703132426e-01 1.028184754993193256e-04 -3.150175473060671805e-01 2.989095002536548695e-02 -5.052195083547562484e-06 9.995531657100867884e-01 2.312663931213352342e+01
9.994421717734716104e-01 5.349315388350497046e-03 -3.296558972023608258e-02 -4.983221756648701928e-01 -5.330243923485194699e-03 9.999855721138883879e-01 6.663811038520909506e-04 -3.468468636742459976e-01 3.296867877915533179e-02 -4.902947433723426913e-04 9.994562650914852187e-01 2.503833225685102448e+01
9.993359571244282424e-01 6.248325966471289170e-03 -3.589711995160734664e-02 -5.656646029736258630e-01 -6.302085187205490498e-03 9.999791830363344847e-01 -1.384635792676716746e-03 -3.600598515407520961e-01 3.588772102678812470e-02 1.609943043053690135e-03 9.993545314666367751e-01 2.698466851229073526e+01
9.992177612089121475e-01 7.836358678153817689e-03 -3.876154237536522801e-02 -6.564273842724205332e-01 -7.969724058740416256e-03 9.999628377564554471e-01 -3.287340031759626319e-03 -3.802422368751013915e-01 3.873434113390138850e-02 3.593687343690120124e-03 9.992430816514057401e-01 2.901777232099266968e+01
9.991306962800602376e-01 8.074696633945841265e-03 -4.089805649651268721e-02 -7.759424923535321872e-01 -8.322391715987288718e-03 9.999480228592123598e-01 -5.889768762685470421e-03 -4.148506975557550436e-01 4.084837263646944050e-02 6.225018411377037167e-03 9.991459651115695006e-01 3.094926234032752532e+01
9.990302589445000381e-01 8.967941255581465820e-03 -4.310588988667213295e-02 -8.809152727978168951e-01 -9.194348988139162265e-03 9.999449439682929208e-01 -5.056973297535753177e-03 -4.549423115936748196e-01 4.305816600796841948e-02 5.448399937974924764e-03 9.990577106844957811e-01 3.271575146295494818e+01
9.988882008834384374e-01 1.046088578184767130e-02 -4.596664012636685753e-02 -9.683449922029654378e-01 -1.052537744855096095e-02 9.999439324600049028e-01 -1.161191623745715454e-03 -4.828476087535365502e-01 4.595191579698627155e-02 1.643716849295995437e-03 9.989423004505844084e-01 3.460886375053281228e+01
9.988112128266845025e-01 9.973087366231654649e-03 -4.771476354414042054e-02 -1.061992958893533290e+00 -9.833416663861796470e-03 9.999466544322576089e-01 3.161045151622669629e-03 -5.010321201087009069e-01 4.774374355245517704e-02 -2.688088190744971403e-03 9.988560001989655879e-01 3.654376179368870936e+01
9.987031792065467206e-01 1.036103807887978762e-02 -4.984584970350579985e-02 -1.153430707619750528e+00 -1.009459929402539875e-02 9.999334006779966311e-01 5.594039115949572295e-03 -5.065706923371610104e-01 4.990049005600593474e-02 -5.083610770477507874e-03 9.987412567796047913e-01 3.848444358875505600e+01
9.985576600545333914e-01 1.069036279872278769e-02 -5.261478584625061544e-02 -1.268699030024291963e+00 -1.041265926287194936e-02 9.999303881881279610e-01 5.549351765365584388e-03 -5.363436364493753272e-01 5.267044781934605846e-02 -4.993487876436962514e-03 9.985994637517772166e-01 4.043725567529416054e+01
9.983838181746210738e-01 1.327614600553897288e-02 -5.525844328521250376e-02 -1.387765056581004464e+00 -1.327514348834368113e-02 9.999118071961606846e-01 3.852208101514756106e-04 -5.636567361624358341e-01 5.525868413588329309e-02 3.489655402743465458e-04 9.984720106495834635e-01 4.241691153616191912e+01
9.982209071416148216e-01 1.292071926593647314e-02 -5.820717789949048787e-02 -1.532305986199795633e+00 -1.328116995927251104e-02 9.998949220671172755e-01 -5.809935361688061024e-03 -6.074351561120604481e-01 5.812599306579622344e-02 6.572658369711141362e-03 9.982876184206982417e-01 4.433210248451675994e+01
9.979779057737833137e-01 1.084296264706431472e-02 -6.263010257383226642e-02 -1.654507978991557104e+00 -1.139018421590735387e-02 9.998999565467444617e-01 -8.386930388817607357e-03 -6.715809085201692730e-01 6.253289766916352022e-02 9.083339631079814444e-03 9.980015679598123191e-01 4.620404270937245883e+01
9.977218318070433245e-01 5.480651190231617363e-03 -6.723919093898611532e-02 -1.728396229045842558e+00 -6.106357086961401379e-03 9.999399159274262594e-01 -9.103677178964663524e-03 -7.269610327946315342e-01 6.718525685539152026e-02 9.493523981288424021e-03 9.976953514293284142e-01 4.804198146006842762e+01
9.973682370187668678e-01 2.593055272542207045e-03 -7.245602701246495192e-02 -1.821573232269291687e+00 -3.059391809999725560e-03 9.999753113047296083e-01 -6.325891459925923888e-03 -8.322450416642824811e-01 7.243783478148979604e-02 6.530914588585443048e-03 9.973515464703534006e-01 4.996999117447101213e+01
9.970475173016414283e-01 -5.016224197065702415e-05 -7.678701535014419155e-02 -1.933218211008279841e+00 -2.459503383454623125e-04 9.999925707036844136e-01 -3.846822827797048098e-03 -8.918227854440533564e-01 7.678663784191143427e-02 3.854350942360232259e-03 9.970400976027732343e-01 5.190547647149210775e+01
9.968323954018153410e-01 -1.812240795000736584e-03 -7.951032172479498283e-02 -2.066362210671351729e+00 1.454039258486031693e-03 9.999885334261977565e-01 -4.562760782413826342e-03 -9.287802492161530976e-01 7.951767883505057866e-02 4.432696631136327954e-03 9.968236002188457512e-01 5.374384288250377750e+01
9.965874705271097200e-01 -1.798192920674184891e-04 -8.254320840263010273e-02 -2.257083137151104868e+00 -2.019041473771144017e-04 9.999893251016859219e-01 -4.616158293480008071e-03 -8.555328439136964391e-01 8.254315733659027543e-02 4.617071333366283732e-03 9.965767957509389374e-01 5.584144072428745886e+01
9.963344563803894216e-01 -7.972332149474242034e-08 -8.554326992340349767e-02 -2.507211649835678013e+00 -2.069044738366429602e-04 9.999970726672137156e-01 -2.410777373082359076e-03 -8.185922337515671998e-01 8.554301970197997207e-02 2.419639848717923970e-03 9.963315397613730084e-01 5.790891475964970425e+01
9.961868626986423170e-01 3.754562933090372680e-03 -8.716442992309733628e-02 -2.651835330055299700e+00 -3.772551578178677967e-03 9.999928830347467601e-01 -4.164667905695231827e-05 -9.188833714596809088e-01 8.716365321180076509e-02 3.703201822189910813e-04 9.961939371536723264e-01 5.981329776950090604e+01
9.959988243506042727e-01 7.068762169277867900e-03 -8.908633168791524337e-02 -2.826952280443547849e+00 -7.116736675715122119e-03 9.999746513118300539e-01 -2.208910887040438083e-04 -9.326942893890720621e-01 8.908251203970170284e-02 8.540112286870637582e-04 9.960238836059690515e-01 6.176168443526265861e+01
9.957465772229580070e-01 1.068224574426149438e-02 -9.151307870804017974e-02 -2.946219470157912745e+00 -1.088600960385170853e-02 9.999392530253491396e-01 -1.727730885395731362e-03 -9.871169759254719844e-01 9.148906351946989313e-02 2.716594369188953407e-03 9.958023756606343424e-01 6.357053605166287014e+01
9.954477385375424259e-01 1.207368172636704221e-02 -9.454113416954507132e-02 -2.924098009520163188e+00 -1.258640039841290789e-02 9.999091285294829934e-01 -4.828789539962976239e-03 -8.975634068823273859e-01 9.447424180962958606e-02 5.996740196207851585e-03 9.955092449302087587e-01 6.525594067335779869e+01
9.951830485443219354e-01 1.755151810697733877e-02 -9.645021566679432001e-02 -3.011157428241139744e+00 -1.782443561029564347e-02 9.998391939506378057e-01 -1.968688729548487282e-03 -1.065301104061673998e+00 9.640015241276909952e-02 3.678376310258814428e-03 9.953358629942530289e-01 6.693490336985041722e+01
9.949362003605265459e-01 1.943331918793443983e-02 -9.861188223281709686e-02 -3.083296052704245227e+00 -1.940249947399831296e-02 9.998109451368009104e-01 1.271612684370197321e-03 -1.214583092220588911e+00 9.861795083209050350e-02 6.481435006346858386e-04 9.951251577985964492e-01 6.867097452620132003e+01
9.946560092487332083e-01 2.107810566027988608e-02 -1.010699595684041024e-01 -3.186316957729479871e+00 -2.080856104995833580e-02 9.997765556929860686e-01 3.720547500098427343e-03 -1.386074793371838254e+00 1.011257981546495183e-01 -1.597544504672290941e-03 9.948723640744778773e-01 7.023166340292979726e+01
9.945079137894358157e-01 1.611247623335282028e-02 -1.034137201720091159e-01 -3.304377424232947114e+00 -1.578233270706095454e-02 9.998674102986916390e-01 4.009962208321985258e-03 -1.466698934382627995e+00 1.034646189985184983e-01 -2.355829411943223279e-03 9.946303447428461730e-01 7.169684885912555217e+01
9.943613400636004407e-01 1.309067096812806773e-02 -1.052338335352545062e-01 -3.461306068469209407e+00 -1.301763953140702701e-02 9.999143134907068076e-01 1.380846638690932850e-03 -1.346636186738764396e+00 1.052428926244038249e-01 -3.164402600995628620e-06 9.944465463472809130e-01 7.376545767394581787e+01
9.941584257174590489e-01 1.290729077817143536e-02 -1.071560843804578167e-01 -3.746817278761973569e+00 -1.306072848078673222e-02 9.999144384192621970e-01 -7.302138340076707148e-04 -1.328168842976273911e+00 1.071374908542067211e-01 2.125484758811609001e-03 9.942419425713264758e-01 7.582783609369786859e+01
9.942407648348011717e-01 1.139829368803628624e-02 -1.065616274355441762e-01 -4.655612260778214662e+00 -1.168282841803206656e-02 9.999296597050900681e-01 -2.046255658145268181e-03 -1.232283835097493396e+00 1.065308080362918769e-01 3.279411999877612002e-03 9.943039939556059803e-01 7.905133707170257651e+01
9.939925331132101194e-01 1.117109888589944665e-02 -1.088763090156258662e-01 -4.832100558648218858e+00 -1.160643728876587996e-02 9.999269791718609079e-01 -3.365551618946323060e-03 -1.194530820603027843e+00 1.088307618674358990e-01 4.608999231861876829e-03 9.940496076139430093e-01 8.097775462906864163e+01
9.937469338903665017e-01 9.882439027113639265e-03 -1.112176639854121907e-01 -5.046280199471675942e+00 -1.046142508605211671e-02 9.999345887093825658e-01 -4.623514655307542180e-03 -1.195879718552460780e+00 1.111646974927993359e-01 5.758098772538148592e-03 9.937853160164221711e-01 8.294552238654978282e+01
9.934317917984167856e-01 1.122140974870160929e-02 -1.138742947615487000e-01 -5.262737501977412968e+00 -1.198123115556830494e-02 9.999102796100930446e-01 -5.990227880769407806e-03 -1.290438520555346802e+00 1.137968591138840274e-01 7.315237065089017117e-03 9.934771070148000760e-01 8.490153285397045124e+01
9.933452103910973552e-01 1.039779434219971835e-02 -1.147047464836783992e-01 -5.551297704472776928e+00 -1.110497104364779365e-02 9.999230580525222400e-01 -5.527892275809401755e-03 -1.451472653431724158e+00 1.146384429900692281e-01 6.764898204003418417e-03 9.933842476811791666e-01 8.663528562226822771e+01
9.929831108404023610e-01 7.949086093644787410e-03 -1.179887859755913704e-01 -5.642644731565492400e+00 -8.613016645381816813e-03 9.999498086080711445e-01 -5.118223221884352775e-03 -1.390918234971407319e+00 1.179421787571539454e-01 6.098548594418469818e-03 9.930017372467468961e-01 8.850265047427417642e+01
9.928339697692483146e-01 1.012265778414289490e-02 -1.190724160820684635e-01 -5.849119664812086228e+00 -1.047166105411286713e-02 9.999425123847680563e-01 -2.305697379623236273e-03 -1.498296671212693276e+00 1.190422311073002226e-01 3.536060664603610151e-03 9.928828951532867597e-01 9.027187371305618058e+01
9.929370457574510089e-01 1.099061305300791207e-02 -1.181322546436228971e-01 -6.198939057929591101e+00 -1.103499239364618897e-02 9.999390738558655567e-01 2.784226046404784851e-04 -1.613650686283676361e+00 1.181281173359623182e-01 1.027132412912843502e-03 9.929978312633254145e-01 9.205252440171210537e+01
9.926419096537287823e-01 9.955752128855853075e-03 -1.206769331668174489e-01 -6.479264852646311468e+00 -1.024188335912710156e-02 9.999460174165539783e-01 -1.751021996281425588e-03 -1.510260336767125233e+00 1.206529859732355520e-01 2.974096891866199674e-03 9.926902899310641182e-01 9.413408081941388161e+01
9.922884162603983205e-01 8.688374865038676551e-03 -1.236455057720912964e-01 -6.733561061616377685e+00 -8.949999646447716686e-03 9.999587301211879664e-01 -1.560628319152063169e-03 -1.524351790466041967e+00 1.236268436131905818e-01 2.655220636127594413e-03 9.923252255896820584e-01 9.617718327407079926e+01
9.920201635063482515e-01 7.321936563816726189e-03 -1.258665342408178678e-01 -6.990561455007684444e+00 -7.547056715211847115e-03 9.999706601380889959e-01 -1.311791878619722419e-03 -1.525779154640516388e+00 1.258532364771637879e-01 2.251245866377243193e-03 9.920463168422493094e-01 9.806817247627876100e+01
9.914172494663767710e-01 5.702592886618317210e-03 -1.306113237621256140e-01 -7.205209643888386140e+00 -5.800697961262453808e-03 9.999831071057629917e-01 -3.706835136929632901e-04 -1.563357603162131237e+00 1.306070035016787256e-01 1.125138869032763205e-03 9.914335805785671196e-01 1.000418742268806795e+02
9.907701661569568996e-01 2.652019308633264596e-03 -1.355265459122453608e-01 -7.394865173427950467e+00 -2.647461455263600081e-03 9.999964725989867187e-01 2.138631053932449485e-04 -1.531695806337733723e+00 1.355266350248548468e-01 1.469121220023760757e-04 9.907736924321660643e-01 1.019766513237796204e+02
9.903471418802147763e-01 1.782606432263512692e-03 -1.385978386700122134e-01 -7.682224124114170216e+00 -1.545509447441531341e-03 9.999971526144574296e-01 1.818285875822003459e-03 -1.597685830425689790e+00 1.386006853166280584e-01 -1.586529951181999418e-03 9.903470770151620028e-01 1.039172283146465645e+02
9.901407705227019962e-01 6.520161058223499602e-04 -1.400743710452025670e-01 -8.125379715836487549e+00 -5.483140652152845027e-04 9.999995463121639228e-01 7.789269241456635209e-04 -1.629202250773607918e+00 1.400748153680640429e-01 -6.944425570341934868e-04 9.901406788174789142e-01 1.060056477398400858e+02
9.895717339600306195e-01 1.021524718629825352e-03 -1.440372862650122765e-01 -8.413927902405626824e+00 -1.248207650155569448e-03 9.999981207153061380e-01 -1.483422906339950656e-03 -1.628336200200615203e+00 1.440355002247777905e-01 1.647741820246489746e-03 9.895711493479850684e-01 1.079621461212281019e+02
9.890891956496526971e-01 2.925378580004866363e-03 -1.472888495755473870e-01 -8.704103046548649303e+00 -3.491032061472229900e-03 9.999874906288902521e-01 -3.582077732500221420e-03 -1.644144697809987621e+00 1.472765281511971003e-01 4.057184479358770697e-03 9.890870353562574158e-01 1.098842250829659548e+02
9.886653434867893608e-01 3.545021415185775713e-03 -1.500942084536116550e-01 -8.996677179657135426e+00 -3.738596587297914574e-03 9.999925038504572372e-01 -1.007540794027727378e-03 -1.665427167088133098e+00 1.500895115712879979e-01 1.557262360702231334e-03 9.886711857084904409e-01 1.119021724144147640e+02
9.882119781181897267e-01 1.984612217845443255e-03 -1.530788934441344451e-01 -9.286825534040486829e+00 -1.600787879636968300e-03 9.999952587733129672e-01 2.630572002483934357e-03 -1.673727292674987543e+00 1.530833883277356033e-01 -2.354515924903361097e-03 9.882104697243695446e-01 1.138535573593756993e+02
9.876782946747670877e-01 -1.232096912122063225e-03 -1.564930291276405150e-01 -9.564422645218183305e+00 1.797336417907867022e-03 9.999923627183566754e-01 3.470459157015815671e-03 -1.675138955428313814e+00 1.564875580042907888e-01 -3.708967802339628410e-03 9.876729659901068992e-01 1.159130990024770824e+02
9.871896375634641174e-01 -2.512617885985820275e-03 -1.595315211444965076e-01 -9.855687183082817882e+00 2.622680828744634179e-03 9.999964458692555125e-01 4.793684684448694649e-04 -1.686020640993083575e+00 1.595297496788246616e-01 -8.916278467095805748e-04 9.871927187571808426e-01 1.178670718837701372e+02
9.868151513008656117e-01 -3.877066650000887509e-03 -1.618048995464686779e-01 -1.016650388521184745e+01 3.884051345608742923e-03 9.999924197391643066e-01 -2.731471338078302188e-04 -1.710323243905923274e+00 1.618047320327685723e-01 -3.589128076335751111e-04 9.868227297105597318e-01 1.198071401075285536e+02
9.864049921602815463e-01 -5.644211773355685587e-03 -1.642356061112629495e-01 -1.050198600693059170e+01 5.526682520480176095e-03 9.999840403260144006e-01 -1.172550032535594079e-03 -1.749054663665239984e+00 1.642396030852310285e-01 2.489311521152274024e-04 9.864204432247372090e-01 1.217233892094617431e+02
9.860348900802210492e-01 -6.114986711738020289e-03 -1.664265678369986623e-01 -1.084920388001676272e+01 5.618258643960634055e-03 9.999782477799117331e-01 -3.455305605559777764e-03 -1.781320121362434783e+00 1.664440768375294866e-01 2.472024379636786166e-03 9.860477972092269727e-01 1.236075462499562150e+02
9.855684473280488245e-01 -3.709640868317916969e-04 -1.692769860820628747e-01 -1.119106575511542978e+01 -3.531920711358558346e-04 9.999909156615003347e-01 -4.247805296331388578e-03 -1.806354828753950148e+00 1.692770240958338668e-01 4.246290159767143746e-03 9.855593630690833162e-01 1.255339133565412624e+02
9.853484664897828038e-01 1.031276849289294341e-02 -1.702411418906922824e-01 -1.155763995199083105e+01 -1.042102691959282540e-02 9.999456664271473283e-01 2.576654995262577267e-04 -1.839634777640384078e+00 1.702345493258520526e-01 1.520197217639603212e-03 9.854023986251724265e-01 1.274476931689438572e+02
9.849597014800773875e-01 1.924195082406172583e-02 -1.717094458344170516e-01 -1.191359316171381799e+01 -1.860326638181721351e-02 9.998127475410131249e-01 5.328070421631957501e-03 -1.854599929341703479e+00 1.717798152874934203e-01 -2.053578090823564729e-03 9.851332284908571602e-01 1.294264805952264226e+02
9.846558940733400878e-01 2.020482190785519508e-02 -1.733335958154227641e-01 -1.225759875613938377e+01 -1.959835008044349264e-02 9.997943601039438466e-01 5.209815588885835513e-03 -1.870350150074783668e+00 1.734032149089424213e-01 -1.732823135138853755e-03 9.848493907106939949e-01 1.313654794952747977e+02
9.844905607016891658e-01 1.393463925382586871e-02 -1.748832802704144707e-01 -1.263485076679971186e+01 -1.344415345696266077e-02 9.999016660761478326e-01 3.989099643986194522e-03 -1.875900099838224699e+00 1.749216699757358273e-01 -1.576073288190412824e-03 9.845810913103550943e-01 1.333316250242047261e+02
9.844563982473588659e-01 8.166758532460304670e-03 -1.754391746586571599e-01 -1.300609606298572629e+01 -8.001854996063158254e-03 9.999666277306233919e-01 1.647343821783014365e-03 -1.885043730755822322e+00 1.754467733144736141e-01 -2.178993292199722697e-04 9.844888939208109591e-01 1.352937738775768253e+02
9.842760271246862036e-01 7.397528910243866829e-03 -1.764822342154217238e-01 -1.335884427145840192e+01 -7.651260186524595254e-03 9.999704419557851054e-01 -7.572531350058494311e-04 -1.906195639809016074e+00 1.764714159437809626e-01 2.095657599532634811e-03 9.843035342687855849e-01 1.372439024567034096e+02
9.842135725954074266e-01 1.021957939764255550e-02 -1.766895687807316373e-01 -1.372021032696223486e+01 -1.060140255818503227e-02 9.999430628593231063e-01 -1.217088047611476027e-03 -1.928136518143716893e+00 1.766670704539612669e-01 3.071031821979516678e-03 9.842658761639372367e-01 1.392302216873235636e+02
9.843784373918095243e-01 1.388982734049098132e-02 -1.755168501726022956e-01 -1.411838804530954761e+01 -1.396172986149225685e-02 9.999021897583983964e-01 8.252367145276910546e-04 -1.959790365553427227e+00 1.755111452225615321e-01 1.638173620724764270e-03 9.844760811161705760e-01 1.411496780512760267e+02
9.846267465946884068e-01 1.426799286273406145e-02 -1.740878923705755643e-01 -1.452348040393703599e+01 -1.409271167835705191e-02 9.998981770295416460e-01 2.243000345649653633e-03 -1.957216261364528753e+00 1.741021693371763157e-01 2.448523409235968005e-04 9.847275636841997803e-01 1.431173806675988374e+02
9.845673373034737885e-01 1.165739486986157140e-02 -1.746174775330258666e-01 -1.490699895653190943e+01 -1.171405689805034983e-02 9.999311387075409119e-01 7.061968778353143938e-04 -1.961981472136638205e+00 1.746136855636977459e-01 1.350180687593551627e-03 9.846360941109015830e-01 1.451033373606964290e+02
9.841311586363920005e-01 1.157199605741034316e-02 -1.770648228989624151e-01 -1.525937206517381028e+01 -1.193752125441026844e-02 9.999282460313156928e-01 -9.991871885398060683e-04 -1.995536035121681984e+00 1.770405552049985620e-01 3.097046332317070563e-03 9.841986842689440795e-01 1.470672892012432271e+02
9.837117238387316220e-01 1.562045080690685137e-02 -1.790732975594657994e-01 -1.562185879684677126e+01 -1.559034732988799805e-02 9.998772219370358760e-01 1.575475042513087677e-03 -2.005212224128194887e+00 1.790759209172618494e-01 1.242001636525009089e-03 9.838344738722916150e-01 1.490413414045126785e+02
9.834280315593911803e-01 1.740984972774224995e-02 -1.804610868738177609e-01 -1.600773783267775485e+01 -1.722670220889396114e-02 9.998482749803357938e-01 2.582198647198529103e-03 -2.018238816066384445e+00 1.804786621022780591e-01 5.693428711588316210e-04 9.835787352187247423e-01 1.510432101275141861e+02
9.831791686176012401e-01 1.867846291906043177e-02 -1.816860958339542864e-01 -1.638064884541577726e+01 -1.899227653418436232e-02 9.998196303704592891e-01 1.256694177883299893e-05 -2.043084118684748596e+00 1.816535599113119903e-01 3.438277019124601208e-03 9.833565794881766742e-01 1.530339662547523858e+02
9.829970667420673269e-01 1.972713347288035032e-02 -1.825585029009495208e-01 -1.676744103307010292e+01 -2.050875751034018230e-02 9.997868060967288750e-01 -2.394414392908349176e-03 -2.056349848167896344e+00 1.824723476088223884e-01 6.097750392240199394e-03 9.831920767572727149e-01 1.549235461356269923e+02
9.828128867631049648e-01 1.811531736340707410e-02 -1.837135402990112409e-01 -1.713641281440940389e+01 -1.893442918277326789e-02 9.998170676796919176e-01 -2.705285180152772456e-03 -2.079791626998600762e+00 1.836309260552152489e-01 6.137300156131579934e-03 9.829761017150404623e-01 1.568694992978300888e+02
9.825829402807322310e-01 1.661287201823240245e-02 -1.850804634546232841e-01 -1.751497457785404777e+01 -1.711454261614578712e-02 9.998529158065206923e-01 -1.113186525128402084e-03 -2.118061970379659265e+00 1.850347478186528116e-01 4.261365568151717111e-03 9.827227395675659505e-01 1.588041751741588712e+02
9.825168155358536826e-01 1.438231100557914137e-02 -1.856175000354908788e-01 -1.793136897348599845e+01 -1.473602492132795004e-02 9.998912805081550115e-01 -5.260544469481589049e-04 -2.109405553789449606e+00 1.855897539165474730e-01 3.252121446371563154e-03 9.826219349003427750e-01 1.607418684758555969e+02
9.822533265518897938e-01 1.363984988961845085e-02 -1.870624413738271874e-01 -1.830590731601406063e+01 -1.392950914052299566e-02 9.999029522905332756e-01 -2.340422629094012874e-04 -2.141134188219857570e+00 1.870410950910305348e-01 2.835576778261763436e-03 9.823479975301433464e-01 1.627270876551862955e+02
9.820806734778999569e-01 1.369834885068193890e-02 -1.879625122729546849e-01 -1.868595878143550237e+01 -1.387183245666433369e-02 9.999037044761418525e-01 3.924782590835356366e-04 -2.161145715364107378e+00 1.879497886284787200e-01 2.221939165377948781e-03 9.821761247051646881e-01 1.646689727057340065e+02
9.819741154158097007e-01 1.375677862620299126e-02 -1.885141578109419680e-01 -1.909105738906154670e+01 -1.392358097210285271e-02 9.999029656686065914e-01 4.394770071797194592e-04 -2.185846360153048451e+00 1.885019112535794572e-01 2.193237095297533544e-03 9.820703738351906908e-01 1.666602411105452575e+02
9.815975465016379964e-01 1.516287075062646740e-02 -1.903584619935912992e-01 -1.947543355196181025e+01 -1.528659302853390550e-02 9.998828181855772268e-01 8.185174701997666516e-04 -2.207109719399136250e+00 1.903485665182317321e-01 2.106477597516850930e-03 9.817143097544137609e-01 1.686407164821719959e+02
9.815123646938330726e-01 1.737400872608885552e-02 -1.906085564026620827e-01 -1.989074686157898597e+01 -1.763070355762098168e-02 9.998445060991287825e-01 3.491639352281274080e-04 -2.236612338334450722e+00 1.905849843119448994e-01 3.017854233749849274e-03 9.816660615049492833e-01 1.705931887209234219e+02
9.812023418765728477e-01 1.663123905086589041e-02 -1.922637932205722433e-01 -2.027261768569985279e+01 -1.671854666877797130e-02 9.998595527473208566e-01 1.168322392334747006e-03 -2.265611073650398488e+00 1.922562209480199735e-01 2.068010532248721126e-03 9.813425848495640480e-01 1.725277551272161531e+02
9.809907965396597040e-01 1.512441314184207602e-02 -1.934639739889568166e-01 -2.066558418353244875e+01 -1.525133821532898871e-02 9.998833442872956390e-01 8.333663636291778649e-04 -2.283287418225719900e+00 1.934540094883704098e-01 2.133059766921244476e-03 9.811070258992661275e-01 1.744708965125774682e+02
9.807141777022783113e-01 1.262499514595198137e-02 -1.950392554110835230e-01 -2.104996891222837974e+01 -1.300000530312698729e-02 9.999152897716232502e-01 -6.427620480159903366e-04 -2.307075140122679890e+00 1.950146187234788608e-01 3.165877208040257865e-03 9.807952261841605957e-01 1.764671196971810332e+02
9.805019554703118256e-01 1.280458741398119576e-02 -1.960917077799401720e-01 -2.146958727917202836e+01 -1.336292527325391721e-02 9.999095499475730842e-01 -1.524516901991198811e-03 -2.333855980400893593e+00 1.960544504647551978e-01 4.115150641317994080e-03 9.805843757618011303e-01 1.784569245467683061e+02
9.802196355196735045e-01 1.343256435898819955e-02 -1.974564062177294466e-01 -2.186667042992109344e+01 -1.391948440706094504e-02 9.999025379740231756e-01 -1.078196155482603587e-03 -2.356907105284006487e+00 1.974226787770870795e-01 3.805360409967845949e-03 9.803110756982339469e-01 1.804567028979427903e+02
9.798974868987371245e-01 1.475358014448547965e-02 -1.989553895788211957e-01 -2.226470543847242922e+01 -1.532853794494322061e-02 9.998815998880723477e-01 -1.349862859736061706e-03 -2.394880152558045872e+00 1.989119179285410988e-01 4.372422462423228122e-03 9.800076177396779276e-01 1.824871257805236269e+02
9.796468582388945245e-01 1.273065970740539649e-02 -2.003246451290471575e-01 -2.267816631441840869e+01 -1.341653903364077929e-02 9.999078586525510515e-01 -2.066563628319278978e-03 -2.405119221341345259e+00 2.002798782280016676e-01 4.712165986607846566e-03 9.797273936502391978e-01 1.844614202508437018e+02
9.795187926880074558e-01 1.143995285559613884e-02 -2.010275161506285269e-01 -2.310411086834668026e+01 -1.230023149183327898e-02 9.999197560763122272e-01 -3.030794208862579425e-03 -2.410749901757454072e+00 2.009767127710987700e-01 5.441404869231857011e-03 9.795809063251343929e-01 1.863956962313974373e+02
9.791219277961299428e-01 9.761312670987251291e-03 -2.030393244761481419e-01 -2.352363919424009708e+01 -1.024715131530311643e-02 9.999465964309117716e-01 -1.341706434994667041e-03 -2.465944419152648059e+00 2.030153846355309544e-01 3.394268872032465967e-03 9.791696648385872503e-01 1.884330972859902431e+02
9.788045096264810230e-01 1.125669244957332865e-02 -2.044872094043077571e-01 -2.394368002755797775e+01 -1.129400829815908197e-02 9.999357358821908681e-01 9.846229245981648424e-04 -2.516452194591503488e+00 2.044851518116329314e-01 1.345726881001347392e-03 9.788687407960959819e-01 1.903597531480436658e+02
9.785643834492498971e-01 1.206574166972962381e-02 -2.055873666414118894e-01 -2.435697549653709970e+01 -1.186844684628588116e-02 9.999271630236489239e-01 2.192855885640824631e-03 -2.541806216940513341e+00 2.055988507118846065e-01 2.941520655263132151e-04 9.786363093920611433e-01 1.922957572272431719e+02
9.784213351192685426e-01 1.170286611761715487e-02 -2.062879877939155226e-01 -2.477417338466506891e+01 -1.164766959797704574e-02 9.999310652712050107e-01 1.482058882361170964e-03 -2.551637684282800578e+00 2.062911117241017223e-01 9.526962934498623380e-04 9.784901990277705686e-01 1.942472924012320732e+02
9.782248851108991117e-01 1.104222427072076851e-02 -2.072538140370999427e-01 -2.520857402764766064e+01 -1.123940315570070431e-02 9.999368103484794768e-01 2.261123923552505767e-04 -2.562141126851809059e+00 2.072432145245611257e-01 2.108220402485721026e-03 9.782871794316129188e-01 1.961996221312068940e+02
9.780626138239177925e-01 1.028370142964373131e-02 -2.080571289930561174e-01 -2.566026200836915194e+01 -1.031515769096111139e-02 9.999463613491511582e-01 9.337807047816756682e-04 -2.577775792458943727e+00 2.080555718113258901e-01 1.232846097434904878e-03 9.781162298667586130e-01 1.982001842135461231e+02
9.779213728689823970e-01 1.111712734641653356e-02 -2.086772579022679042e-01 -2.607738609723019962e+01 -1.098989865752553891e-02 9.999380441950479481e-01 1.769152023061189424e-03 -2.612836430603421523e+00 2.086839970231146590e-01 5.632503412703097033e-04 9.779829610660449868e-01 2.001441577101705320e+02
9.778777108599534529e-01 1.135057010831460461e-02 -2.088692106594819131e-01 -2.651090356149068583e+01 -1.149709532810783662e-02 9.999337748301956319e-01 5.125942380640645607e-04 -2.635196616165614181e+00 2.088611964973751123e-01 1.900134745940610433e-03 9.779434493290661834e-01 2.020939271914528206e+02
9.778630461081561087e-01 1.124499263216385825e-02 -2.089435646216036835e-01 -2.695280413960845323e+01 -1.166380154614186232e-02 9.999316772756506877e-01 -7.723433156298696676e-04 -2.640045200031552408e+00 2.089206040331394454e-01 3.192322259352948013e-03 9.779273952032534467e-01 2.040337396787317346e+02
9.777086346101495629e-01 1.248850580979608133e-02 -2.095945205185411053e-01 -2.736932272155979362e+01 -1.290495157751312891e-02 9.999165358120879477e-01 -6.193822216289987092e-04 -2.669096906576394534e+00 2.095692917236216257e-01 3.310382484414542067e-03 9.777881945156967625e-01 2.059659979933102250e+02
9.776555962088523399e-01 1.151080702477415112e-02 -2.098976810809330962e-01 -2.781460269117382822e+01 -1.191313940529242429e-02 9.999288231390519588e-01 -6.525069054211998917e-04 -2.685512149715589381e+00 2.098752303418025544e-01 3.138467363214721140e-03 9.777231396011781817e-01 2.079046806581685871e+02
9.775424434062001122e-01 1.254186025158797978e-02 -2.103650947302493635e-01 -2.826128801072480456e+01 -1.296797169531183937e-02 9.999157035093689805e-01 -6.462085378238538154e-04 -2.709392062739758078e+00 2.103392570338372680e-01 3.359704867157743864e-03 9.776226824975260410e-01 2.098465479779991085e+02
9.773746834288525864e-01 1.289661944080491146e-02 -2.111217786002908270e-01 -2.869427631815991830e+01 -1.341090702247111667e-02 9.999095653962258856e-01 -1.004291773456350437e-03 -2.735833167373510122e+00 2.110897339170849374e-01 3.812903897379331733e-03 9.774592503008415756e-01 2.118325607390942480e+02
9.772342913895722960e-01 1.272841217287342883e-02 -2.117808472357190497e-01 -2.913463718649754597e+01 -1.308857611353197135e-02 9.999142962687518343e-01 -2.988188213173396165e-04 -2.761039361879970233e+00 2.117588933377810012e-01 3.063925737536912081e-03 9.773171355560245077e-01 2.137853181977440897e+02
9.770519916355787648e-01 1.204374400516783003e-02 -2.126601840290928691e-01 -2.960232691564204544e+01 -1.216906771091464702e-02 9.999256951992044895e-01 7.196328479165212816e-04 -2.791645188550087475e+00 2.126530494302791285e-01 1.884757471562380216e-03 9.771259531182642233e-01 2.158055701313384134e+02
9.768189600324361788e-01 1.042237419520600401e-02 -2.138132209132203032e-01 -3.003421968285934085e+01 -1.095695754577004875e-02 9.999391057053220733e-01 -1.315280419503597059e-03 -2.800993466928799691e+00 2.137864925632359525e-01 3.627533235801036308e-03 9.768736748424190486e-01 2.177781845468340123e+02
9.767546359013890012e-01 9.293115169741019213e-03 -2.141588645272182734e-01 -3.049424077497874563e+01 -1.002120685754316967e-02 9.999471082209340222e-01 -2.314340880447109117e-03 -2.820528958511287154e+00 2.141260298475263502e-01 4.406673465836632997e-03 9.767961018404512918e-01 2.197346010398198075e+02
9.765673025810777119e-01 7.983772655693860409e-03 -2.150640902235906038e-01 -3.094745188879956288e+01 -9.101332979242699253e-03 9.999497337806697583e-01 -4.206619779546833318e-03 -2.841128134832052510e+00 2.150196950688921804e-01 6.065417228099047493e-03 9.765908772082244615e-01 2.217163973259337411e+02
9.765324267548403103e-01 6.980410060183333404e-03 -2.152572725175500856e-01 -3.139631805058226988e+01 -8.113878575637478371e-03 9.999574786887370781e-01 -4.382440977877111350e-03 -2.851805140692956986e+00 2.152175282609732898e-01 6.026167094966494546e-03 9.765475415151995131e-01 2.236967078261108668e+02
9.764247994781588558e-01 5.896072095772249104e-03 -2.157773095065365077e-01 -3.178846843913136055e+01 -6.631523806096140637e-03 9.999744077375063434e-01 -2.684541307792323670e-03 -2.882287849296130133e+00 2.157559590278962935e-01 4.052185072959922640e-03 9.764389105008499659e-01 2.255938508917755598e+02
9.766200212145583759e-01 6.492771796218326126e-03 -2.148747962821113133e-01 -3.227480366772758913e+01 -6.982536137603411429e-03 9.999744660811805685e-01 -1.520320606137600750e-03 -2.903557108704526879e+00 2.148594385917536320e-01 2.985146572719044652e-03 9.766404202919186650e-01 2.275837735777314492e+02
9.764742141888181903e-01 6.249346747797284406e-03 -2.155436259543691002e-01 -3.271315254841292841e+01 -6.844543628267773551e-03 9.999745455599917676e-01 -2.015056974175704393e-03 -2.919441010035849882e+00 2.155255466223245375e-01 3.442948927043624520e-03 9.764921325109761074e-01 2.295685724094063858e+02
9.764870280030116811e-01 6.447865212729179431e-03 -2.154797187116343771e-01 -3.313836336159354090e+01 -7.033051334449944535e-03 9.999733682590804529e-01 -1.949092485489826217e-03 -2.953873210853861231e+00 2.154614126259582763e-01 3.418743451690718811e-03 9.765063706205083793e-01 2.315325036730725117e+02
9.763352523083054235e-01 4.281083681911947679e-03 -2.162201364873010678e-01 -3.356588936896828557e+01 -5.128378289303100850e-03 9.999812124475390140e-01 -3.357750448160274574e-03 -2.986148424828506620e+00 2.162016994294918004e-01 4.387148784664510887e-03 9.763388643751412799e-01 2.334904761979954912e+02
9.764705196783536323e-01 3.354090817233961602e-03 -2.156248461422683171e-01 -3.401548010077355855e+01 -4.033224771301724063e-03 9.999881953023255221e-01 -2.709677830082839450e-03 -3.026177436840097545e+00 2.156132122506206061e-01 3.515583989671019691e-03 9.764725205412490006e-01 2.354272383437629230e+02
9.763622089268549908e-01 4.007360549679533403e-03 -2.161036280141971355e-01 -3.439951544776692316e+01 -4.296262757617513341e-03 9.999903950734642111e-01 -8.671142571908634338e-04 -3.068344150613833143e+00 2.160980775152592792e-01 1.775055560366262499e-03 9.763700477134508171e-01 2.373692770652000661e+02
9.760722554240642834e-01 3.418651438113443509e-03 -2.174195598692216513e-01 -3.484039257941616796e+01 -3.559067699568656002e-03 9.999936341783547400e-01 -2.542437357984630910e-04 -3.085945343275926511e+00 2.174173066443679803e-01 1.021971189413225112e-03 9.760782091340818312e-01 2.393471483046927801e+02
9.758546665303963197e-01 2.093711191541578007e-03 -2.184108197509833371e-01 -3.525825958433338059e+01 -2.243427028362594486e-03 9.999973878144956529e-01 -4.374921186480703098e-04 -3.109699195796499449e+00 2.184093332392606224e-01 9.169174618691750163e-04 9.758568145052578524e-01 2.412544554517913014e+02
9.756005371820658523e-01 7.436870559933241639e-04 -2.195519045228906396e-01 -3.572019269204806591e+01 -1.080313349793519083e-03 9.999984179082654911e-01 -1.413189312320451644e-03 -3.138501361898398123e+00 2.195505062010376096e-01 1.615893105668455947e-03 9.755997971075736075e-01 2.431985533739102152e+02
9.752759558697755571e-01 3.929463619836994458e-04 -2.209901705856012477e-01 -3.617974765970836160e+01 -9.233951686921051298e-04 9.999969355040458918e-01 -2.297025006340492649e-03 -3.165418738226165818e+00 2.209885907544976158e-01 2.444294514562687665e-03 9.752733299853260096e-01 2.451994089502445888e+02
9.749352675704685556e-01 3.289679274270939941e-04 -2.224884622343425711e-01 -3.663052830951249916e+01 -8.048015283840410103e-04 9.999975789380851632e-01 -2.048026481305436144e-03 -3.194968761211810282e+00 2.224872498409729837e-01 2.175752299996932659e-03 9.749331719457128287e-01 2.471509001085113368e+02
9.747140819602128081e-01 1.506545019231722744e-03 -2.234506405239549132e-01 -3.706713993681192676e+01 -1.987142893361236451e-03 9.999961709640037277e-01 -1.925959618646171708e-03 -3.225408169453658047e+00 2.234468833785379360e-01 2.321288313915335910e-03 9.747133434651343853e-01 2.490731587631464947e+02
9.746630412685040046e-01 1.448829506227253911e-03 -2.236735497958875774e-01 -3.755438687981258994e+01 -2.420865030686876994e-03 9.999887805854357214e-01 -4.071623233648032254e-03 -3.228973476186619784e+00 2.236651412217258716e-01 4.509944158797351242e-03 9.746556135404695898e-01 2.510548140927322436e+02
9.744301191338353707e-01 9.928645267296980388e-04 -2.246885781361660783e-01 -3.802606188128434894e+01 -1.988042382325333913e-03 9.999891913962030143e-01 -4.202948757055643622e-03 -3.270043005533228797e+00 2.246819766076184333e-01 4.542170274210248146e-03 9.744215607615078767e-01 2.530195182571748944e+02
9.741076246031196151e-01 1.709939836065411294e-03 -2.260783311063350731e-01 -3.849695813922291876e+01 -2.368412804712999222e-03 9.999937068334245893e-01 -2.641384927193866049e-03 -3.293989045034846352e+00 2.260723917484286083e-01 3.108440011351687893e-03 9.741055442249778595e-01 2.549948934682999493e+02
