9.999900150150389244e-01 2.541188440911420978e-04 4.461534919202429089e-03 4.531180020421743393e-04 -2.542845181698108448e-04 9.999999670011309183e-01 3.656666151176572954e-05 -8.317126892507076263e-03 -4.461525479699067834e-03 -3.770079565142763850e-05 9.999900466349872508e-01 8.086529374122619629e-01
9.999534290990971241e-01 2.013033227744664717e-03 9.438608487528607136e-03 7.064938835257258964e-03 -2.021223337842666112e-03 9.999975890152534852e-01 8.582656341072099739e-04 -1.874274870902063392e-02 -9.436858013947826626e-03 -8.773031996551683333e-04 9.999550870163721461e-01 1.614594881005456006e+00
9.998880634503127807e-01 1.568390786773195874e-03 1.487954031289898116e-02 4.947487358070556257e-03 -1.565163737926375878e-03 9.999987490195549888e-01 -2.285208936318286791e-04 -2.112164527541005379e-02 -1.487988010894917418e-02 2.052063968567010253e-04 9.998892673982845425e-01 2.439676841681366781e+00
9.998018401975620195e-01 1.504079355691720831e-03 1.984988873672880252e-02 2.187262024606611774e-02 -1.473627790149582622e-03 9.999977150797830783e-01 -1.548630475479402004e-03 -4.436647310749654988e-02 -1.985217264444448515e-02 1.519072251496510900e-03 9.998017721832613836e-01 3.251644524400197245e+00
9.996619327316174086e-01 5.008709982976594297e-04 2.599556453571280623e-02 4.300970391364911105e-02 -3.905791552249449333e-04 9.999909025368046711e-01 -4.247621870017147770e-03 -5.643295851110451122e-02 -2.599745555262762339e-02 4.236032562458473712e-03 9.996530339737478288e-01 4.072201357620083506e+00
9.994859221424309270e-01 -2.977656173449621168e-04 3.205936329267311535e-02 6.539803641148950186e-02 4.830940103059875560e-04 9.999832182635010058e-01 -5.773197688353067132e-03 -6.134272330653024047e-02 -3.205710622111228314e-02 5.785717501635029639e-03 9.994692928818372790e-01 4.931641668072907159e+00
9.992831376923041464e-01 -1.739693513831645690e-03 3.781777611522653404e-02 1.089549459222278471e-01 1.962593126039070997e-03 9.999809174968437020e-01 -5.857718872786936079e-03 -8.529567395878062674e-02 -3.780686382186560640e-02 5.927740602363784639e-03 9.992674831792066614e-01 5.750501787611257853e+00
9.990746662987929350e-01 -2.526511396501202045e-03 4.293515925344931761e-02 1.431550120695714301e-01 2.770967849856238382e-03 9.999802837238416231e-01 -5.635059960691217104e-03 -1.047895342714336708e-01 -4.292007568878191542e-02 5.748817595721032216e-03 9.990619691486211096e-01 6.583901154994272531e+00
9.988323749144584207e-01 -3.290649860538631330e-03 4.819811662543076886e-02 1.876022246852002695e-01 3.605940565019078586e-03 9.999726578191355797e-01 -6.456067438934414218e-03 -1.260225375914091339e-01 -4.817555412639109441e-02 6.622328716535924586e-03 9.988169305468271864e-01 7.424707763339937650e+00
9.985573811342959294e-01 -4.136412626914849795e-03 5.353547116442378823e-02 2.231495348016376279e-01 4.567840752180077867e-03 9.999580535836047890e-01 -7.938885573673013299e-03 -1.429449636155045722e-01 -5.350038703672781171e-02 8.171974294443778639e-03 9.985343897047569417e-01 8.250735450177849373e+00
9.982578257240013464e-01 -4.367526974435972931e-03 5.884078593048667344e-02 2.639647520062356478e-01 4.946119909173788028e-03 9.999408070726926168e-01 -9.691142794156793958e-03 -1.647888186901526608e-01 -5.879497664455576866e-02 9.965292717237991815e-03 9.982203382332108799e-01 9.082821139979387226e+00
9.979332171903803061e-01 -2.984549722308651228e-04 6.425889006734585018e-02 3.255732319792387641e-01 1.067116960567328918e-03 9.999282898664548780e-01 -1.192796655511985451e-02 -1.790748199497528836e-01 -6.425072209283064217e-02 1.197188579034810622e-02 9.978619737524688782e-01 9.926047462496462970e+00
9.976065610790477711e-01 -6.197582941623706616e-04 6.914307768456255665e-02 3.866241024363222256e-01 1.455858091360826001e-03 9.999264256927309358e-01 -1.204257773807893700e-02 -1.962849123274177376e-01 -6.913052704308315921e-02 1.211441707292068050e-02 9.975340651475161913e-01 1.077153772434200363e+01
9.972640416356307602e-01 -2.440064019497127038e-03 7.388150883778643596e-02 4.571884483750229267e-01 3.288589708997589987e-03 9.999300030357266555e-01 -1.136548312645839845e-02 -2.127244118621610669e-01 -7.384860485001075447e-02 1.157735360748262006e-02 9.972022605495609593e-01 1.163435184317640214e+01
9.969103135537424887e-01 -1.358795866821960608e-04 7.854812707453329157e-02 5.072899028212722872e-01 1.052021186430995630e-03 9.999319067785555903e-01 -1.162217955573217193e-02 -2.350649412279028905e-01 -7.854119926256794559e-02 1.166890495891973085e-02 9.968425736672053006e-01 1.246745516980883295e+01
9.965853156798850643e-01 2.941285840520064220e-03 8.251701284479610876e-02 5.667634380276982409e-01 -1.832365212169968088e-03 9.999070405874503908e-01 -1.351120355025372220e-02 -2.543002259281588739e-01 -8.254908242344742575e-02 1.331386575159579540e-02 9.964980632042369502e-01 1.330796459419047650e+01
9.963026987072953755e-01 5.326727301653723552e-03 8.574706131882296745e-02 6.238371295948946793e-01 -3.879440860832394141e-03 9.998473447462628005e-01 -1.703634768533527841e-02 -2.793479461686888543e-01 -8.582471955775602956e-02 1.664070852163877443e-02 9.961712725895734977e-01 1.411727008024382002e+01
9.960264113032866184e-01 2.155769283960807213e-03 8.903224497388691205e-02 6.831545403809372585e-01 -3.604876669287398203e-04 9.997963877514691733e-01 -2.017555669012168970e-02 -3.062006070639602950e-01 -8.905761076369536622e-02 2.006329229983585052e-02 9.958243852543244845e-01 1.496011184404097705e+01
9.957163450073497346e-01 2.335592748585451055e-03 9.243108401245282713e-02 7.493009047478083051e-01 -1.540018587883345180e-04 9.997214115454798877e-01 -2.360244862172402106e-02 -3.328781340870325955e-01 -9.246045948745788834e-02 2.348710931609905225e-02 9.954393096152781562e-01 1.578795700531200730e+01
9.954873629398851564e-01 1.185305480963337078e-03 9.488680244328007163e-02 8.262323982673719369e-01 8.261806376728598631e-04 9.997758304883493929e-01 -2.115670571912744297e-02 -3.655847249509762698e-01 -9.489060887436222280e-02 2.113962682377867885e-02 9.952632257474421928e-01 1.663842980054682741e+01
9.953906233627068945e-01 -3.048998951046490938e-03 9.585515388855449237e-02 9.246815799164915806e-01 5.038799316591172604e-03 9.997766792202288366e-01 -2.052321097731755681e-02 -4.002967501340921608e-01 -9.577117219210100341e-02 2.091160665202184549e-02 9.951836952463510855e-01 1.747827998238871672e+01
9.952688245275979062e-01 -4.010337864353254872e-03 9.707669191761407468e-02 9.980830084353902176e-01 5.934020089762688521e-03 9.997915537838379940e-01 -1.953551606878829727e-02 -4.276092741072534675e-01 -9.697811262871593174e-02 2.001914515440973708e-02 9.950851619325146169e-01 1.831347570831206895e+01
9.951132611276582995e-01 -7.327837220536402747e-03 9.846776289500153156e-02 1.072135785369991545e+00 9.327908798992631811e-03 9.997591182875991134e-01 -1.986694536763680338e-02 -4.534458384889622495e-01 -9.829846206993571311e-02 2.068835910535947453e-02 9.949419099385719001e-01 1.914582113168014033e+01
9.950866660217140280e-01 -9.057115786486304165e-03 9.859257456532757868e-02 1.155798251260960141e+00 1.098405915559221187e-02 9.997587796232522139e-01 -1.901927997302690215e-02 -4.833619698341772852e-01 -9.839653220645505627e-02 2.000877856982057404e-02 9.949461147368173775e-01 1.999625132381711978e+01
9.951664415559294818e-01 -6.395763203954463183e-03 9.799412132341112081e-02 1.234477086973757354e+00 8.138054751629760636e-03 9.998156599732468397e-01 -1.739017357937417546e-02 -5.118336589599488118e-01 -9.786483365217535368e-02 1.810359868369349270e-02 9.950350416186014568e-01 2.084682341529600436e+01
9.951534153094733215e-01 -5.818637184850958093e-03 9.816223030881897349e-02 1.298152404472795896e+00 7.603808593927497556e-03 9.998122681230660058e-01 -1.782163307548905590e-02 -5.377224225677614822e-01 -9.804010451217126665e-02 1.848166583188647419e-02 9.950108370944112934e-01 2.168543567468389455e+01
9.952375579703555131e-01 -7.198800595414267360e-03 9.721306740963625570e-02 1.381556009784845607e+00 8.967248785930354363e-03 9.998019445043819786e-01 -1.776682904932453538e-02 -5.653513984277817039e-01 -9.706591396785101133e-02 1.855394931663212690e-02 9.951049991384535165e-01 2.253582316399372232e+01
9.952811706467639130e-01 -7.911201045909383583e-03 9.670989739431153087e-02 1.459977030091787364e+00 9.835394194496345152e-03 9.997627242732080033e-01 -1.943605347936031361e-02 -5.857678442260118024e-01 -9.653318795650504824e-02 2.029551802307316688e-02 9.951228243644747451e-01 2.337431113434549346e+01
9.953202751413442462e-01 -1.028215061268665693e-02 9.608239834296583570e-02 1.542394083939884641e+00 1.209364763246729632e-02 9.997595757348989309e-01 -1.829028193649922043e-02 -6.119333809216110920e-01 -9.587123436933550624e-02 1.936667511869133093e-02 9.952053247020671289e-01 2.422189348077678162e+01
9.952958448185249551e-01 -1.157027002025474982e-02 9.618892939749618121e-02 1.620973373852707233e+00 1.322193014595589994e-02 9.997755911732316703e-01 -1.655137025839512055e-02 -6.385640205594629304e-01 -9.597583992960716237e-02 1.774531334954153675e-02 9.952254729476798234e-01 2.507346685021330757e+01
9.952529896291464340e-01 -1.054898230941998978e-02 9.674815557146930478e-02 1.692218521551734245e+00 1.202311818875423030e-02 9.998201526677473749e-01 -1.466652475747038872e-02 -6.592769498826922536e-01 -9.657603876358221429e-02 1.576011712132202938e-02 9.952008276951227472e-01 2.591749757408188870e+01
9.952674818101781007e-01 -8.092293221252157623e-03 9.683570850490758053e-02 1.766374901846651690e+00 9.502636395945861236e-03 9.998552655705035264e-01 -1.411197408104947204e-02 -6.861478943135997932e-01 -9.670749481168769424e-02 1.496538343508252607e-02 9.952003304590932853e-01 2.677668427973505416e+01
9.952056231154078336e-01 -7.295733134487995819e-03 9.753225106344344530e-02 1.836476640400042770e+00 8.847335569750557072e-03 9.998409477821786906e-01 -1.548559948308715975e-02 -7.093787513759882701e-01 -9.740375954134655734e-02 1.627425623691281659e-02 9.951118812531316582e-01 2.761903515686293531e+01
9.951341919581344619e-01 -5.882543121939489382e-03 9.835311729807463821e-02 1.915208138051250009e+00 7.687970248708193496e-03 9.998086509047654502e-01 -1.798768160290539417e-02 -7.361999289878436992e-01 -9.822848420537338976e-02 1.865629283676274036e-02 9.949889987473747865e-01 2.847220426352325617e+01
9.950311630976954591e-01 -3.465533760929833274e-03 9.950364083890994582e-02 1.987949578944242068e+00 5.674129362446480793e-03 9.997435884768050007e-01 -2.192171424635368931e-02 -7.647795731464307467e-01 -9.940215651798084417e-02 2.237738535379899668e-02 9.947956895284087997e-01 2.931745935563701622e+01
9.950142080950598045e-01 7.794477306506985333e-04 9.973022686325354325e-02 2.068038236323364920e+00 1.397806543420594683e-03 9.997622525404988858e-01 -2.175969972253462628e-02 -7.868793120275912045e-01 -9.972347680374975265e-02 2.179061395149033825e-02 9.947765564777795166e-01 3.016534554305319915e+01
9.949696874397471191e-01 9.847647104207805317e-04 1.001716093237846605e-01 2.147049203958312003e+00 1.165241936760164684e-03 9.997702620652970662e-01 -2.140246016503731530e-02 -8.182790524913557961e-01 -1.001696724926295079e-01 2.141152326090562524e-02 9.947399576695242773e-01 3.101665397608989139e+01
9.949631753822555380e-01 -3.753274609487126587e-03 1.001708169227168294e-01 2.244729328819397463e+00 5.517685842638835048e-03 9.998343777080275219e-01 -1.734278801529643560e-02 -8.481524946403752319e-01 -1.000891341565138259e-01 1.780814653206069104e-02 9.948190966908968536e-01 3.187260274927982096e+01
9.949762332943619114e-01 -6.197522204184382523e-03 9.991939700524574142e-02 2.328312588774224423e+00 7.848473806483992343e-03 9.998389667724988383e-01 -1.613821496359623200e-02 -8.691810851573829044e-01 -9.980328971668323002e-02 1.684135510672901681e-02 9.948646501509120776e-01 3.271880532272415820e+01
9.948619559326578043e-01 -1.038898763146693834e-02 1.007062936158387989e-01 2.406544981566537178e+00 1.193917757291591657e-02 9.998191517470377265e-01 -1.480269700820615111e-02 -8.996749718327448075e-01 -1.005342960224454574e-01 1.592899042085216266e-02 9.948060728541234798e-01 3.355916315504033065e+01
9.947832646606494800e-01 -1.251752787597933819e-02 1.012401493824174742e-01 2.487382816478179492e+00 1.417577581969003964e-02 9.997766221657786723e-01 -1.567651589786953417e-02 -9.264039608517895541e-01 -1.010213033523623682e-01 1.702989332498429029e-02 9.947384977984563559e-01 3.439139485519712025e+01
9.947387666995477495e-01 -1.322357473065521871e-02 1.015870222833856751e-01 2.570599537663268652e+00 1.529072031620495702e-02 9.996910314090649008e-01 -1.959682608209951937e-02 -9.578964490812716948e-01 -1.012964949900731909e-01 2.104706135362452088e-02 9.946336216472387859e-01 3.522891144304587385e+01
9.946341944817050917e-01 -1.467023313862370927e-02 1.024090007147207965e-01 2.649627737774448821e+00 1.702888496159587345e-02 9.996086116362646878e-01 -2.219550899583996179e-02 -9.848536170858815941e-01 -1.020433057318999165e-01 2.382032330339167378e-02 9.944947239442889497e-01 3.606321256001164244e+01
9.945201095632031363e-01 -1.457435515776196906e-02 1.035245857085616977e-01 2.743702433723638645e+00 1.697683494324025641e-02 9.996057478963242815e-01 -2.236371722098996415e-02 -1.012474734507588847e+00 -1.031578341654374870e-01 2.399868630500099839e-02 9.943754443397774256e-01 3.691810456013139685e+01
9.942939654769094027e-01 -1.379329683473718565e-02 1.057792757520616272e-01 2.821328193231044335e+00 1.609451450244378523e-02 9.996513444251375891e-01 -2.093218077376826983e-02 -1.034718592994697151e+00 -1.054536714350548243e-01 2.251520711527911847e-02 9.941692957587369150e-01 3.777673033813066183e+01
9.941955831702301571e-01 -1.071201608704284124e-02 1.070532349635276714e-01 2.901368840115221559e+00 1.284114798665743178e-02 9.997328313733708782e-01 -1.921902163399958133e-02 -1.063572204971144686e+00 -1.068187592288456500e-01 2.048215285399253641e-02 9.940675198854829198e-01 3.861600724660992512e+01
9.940741036653223395e-01 -8.176088116244890208e-03 1.083966235871793166e-01 2.989316842795609386e+00 1.051280093372916960e-02 9.997241363048224860e-01 -2.100314990911784918e-02 -1.093886222451540879e+00 -1.081949972896761591e-01 2.201823954571509659e-02 9.938858282965875590e-01 3.945400692144347232e+01
9.939360807173029944e-01 -7.486896049336652648e-03 1.097042106569861564e-01 3.074448460371648650e+00 9.889159159673128682e-03 9.997227267424593222e-01 -2.136993602556542041e-02 -1.122834990377145292e+00 -1.095137981235270175e-01 2.232523285810323124e-02 9.937345279290592526e-01 4.028940083132604144e+01
9.937252469988019365e-01 -6.039635050600837551e-03 1.116855240647803837e-01 3.162976560291506090e+00 8.357861708321890140e-03 9.997589949272037702e-01 -2.030020221110429360e-02 -1.148149847620811848e+00 -1.115360014741144379e-01 2.110627562131012561e-02 9.935362326078315265e-01 4.115336123215440978e+01
9.934975582193893429e-01 -6.865330166587822747e-03 1.136462452253222954e-01 3.259767536169528857e+00 8.824848045062007665e-03 9.998207945949681985e-01 -1.674815668866032684e-02 -1.170760750712830811e+00 -1.135108975785669716e-01 1.764216361986508178e-02 9.933801035825700065e-01 4.200703887207033205e+01
9.932506498059338051e-01 -6.731719089348658404e-03 1.157921872070458436e-01 3.356476041531031296e+00 8.733701652734876530e-03 9.998208799816611370e-01 -1.679078342834728829e-02 -1.199569522826781975e+00 -1.156584156710201289e-01 1.768875096774060254e-02 9.931315315574620328e-01 4.284785069504690114e+01
9.930996014082020817e-01 -7.155579668744721511e-03 1.170554542192443342e-01 3.459903705333723156e+00 9.368046449365830669e-03 9.997875201975761073e-01 -1.836175816483134535e-02 -1.231104476674691917e+00 -1.168991932760525543e-01 1.933163564692529784e-02 9.929556216038166738e-01 4.370429445166954707e+01
9.928999890779433013e-01 -6.706463609072977131e-03 1.187629362843445613e-01 3.559668398843830239e+00 9.246910586317191524e-03 9.997397939901088160e-01 -2.085279255215533728e-02 -1.254077459416440554e+00 -1.185921849601725142e-01 2.180292775006946460e-02 9.927036446029080530e-01 4.456651997113811348e+01
9.926708391210432580e-01 -8.003247720059803241e-03 1.205842161505991522e-01 3.677773534116457910e+00 1.069998786050830458e-02 9.997065486257827871e-01 -2.173308294996604412e-02 -1.284755771756858955e+00 -1.203748953000917110e-01 2.286404733761034438e-02 9.924651731526072940e-01 4.542664896219805826e+01
9.924152367774964345e-01 -8.146884577854562881e-03 1.226606134157989247e-01 3.771505125651499313e+00 1.082864264994333470e-02 9.997163452831717700e-01 -2.121248387194742471e-02 -1.319070034973536920e+00 -1.224530044965201764e-01 2.237984015432005133e-02 9.922219532163363276e-01 4.627649976733300718e+01
9.921008333455629824e-01 -7.788506057921145039e-03 1.252009410844204806e-01 3.880907301325962067e+00 1.057952061831797866e-02 9.997097882317226292e-01 -2.164285233444769238e-02 -1.356531273754033373e+00 -1.249960408114008520e-01 2.279645777461594691e-02 9.918953126688340172e-01 4.713138680737854003e+01
9.918806607082426563e-01 -5.340094829203310273e-03 1.270599791444740057e-01 4.000077936813793755e+00 8.192143000121776542e-03 9.997258456227248180e-01 -2.193450220527277256e-02 -1.379729187465149609e+00 -1.269080127732075125e-01 2.279730205841637783e-02 9.916524791038501263e-01 4.799526355821831203e+01
9.913697739489207850e-01 -6.507817269642463681e-03 1.309336458472369902e-01 4.072360299101728920e+00 9.518996040742237763e-03 9.997041058446256567e-01 -2.238502784840178811e-02 -1.429319217284256371e+00 -1.307492256758756577e-01 2.343819685433017053e-02 9.911383813138182619e-01 4.879922952007533610e+01
9.910855348168373657e-01 -6.054387629739120709e-03 1.330894701591805174e-01 4.197448102745284793e+00 9.346967093249608852e-03 9.996651625875693226e-01 -2.412875701162924338e-02 -1.457189844676380908e+00 -1.328988219773984403e-01 2.515764494537196805e-02 9.908102724628069513e-01 4.965126956727181096e+01
9.906363459518088277e-01 -5.601673403423363881e-03 1.364120644749892142e-01 4.320413489628354142e+00 9.177309571111669922e-03 9.996302103798714311e-01 -2.559725541791365439e-02 -1.481621616650665496e+00 -1.362182332446108812e-01 2.660946731851854610e-02 9.903214272046932942e-01 5.051562209475134324e+01
9.902961343388551052e-01 -2.041592320180101242e-03 1.389582606911784479e-01 4.433689741591592792e+00 5.530131109956968639e-03 9.996790323239873599e-01 -2.472347025971234971e-02 -1.517027001483856052e+00 -1.388631843341711913e-01 2.525201442606858984e-02 9.899895715632558435e-01 5.137805221536640943e+01
9.898204762255108369e-01 -3.569801074302110522e-03 1.422767773215006526e-01 4.573722290343944508e+00 6.962736782029748002e-03 9.997029478552112991e-01 -2.335671950648594494e-02 -1.546470510006443089e+00 -1.421511348572572220e-01 2.410959497566066839e-02 9.895513035153370440e-01 5.225957720818328767e+01
9.894076479490203635e-01 -1.505776821899606436e-03 1.451559120950605408e-01 4.681151628649895535e+00 4.940297831626565966e-03 9.997162334222347013e-01 -2.330334931709901816e-02 -1.565677063853995188e+00 -1.450796320553685848e-01 2.377362547493636069e-02 9.891343261127153452e-01 5.310572725638916580e+01
9.887677017156679682e-01 1.330043811104201969e-03 1.494545517118006928e-01 4.781886249635049602e+00 2.519391586911502202e-03 9.996700056915766019e-01 -2.556427950549457553e-02 -1.588996633395491687e+00 -1.494392341721094142e-01 2.565366843287317580e-02 9.884380631005611484e-01 5.394710385914894601e+01
9.882630571251200813e-01 2.756864839435862764e-03 1.527367985063453060e-01 4.909079965865344342e+00 1.624806013688800000e-03 9.995908885718438608e-01 -2.855548090243854170e-02 -1.626185201848000084e+00 -1.527530357378494852e-01 2.846849452304658912e-02 9.878542680438556767e-01 5.479285838929913410e+01
9.876575095194678466e-01 -3.597612397088796447e-04 1.566285876257965115e-01 5.041711853101385366e+00 4.895154191549060119e-03 9.995797629286146124e-01 -2.857157694310321142e-02 -1.655998725098408286e+00 -1.565524875408959293e-01 2.898565361390200226e-02 9.872442203068760858e-01 5.566171066516267985e+01
9.871536811975955006e-01 -1.980285419416621256e-03 1.597613475396754412e-01 5.206915394982125633e+00 6.511110939588123092e-03 9.995911453060645213e-01 -2.784147374050017013e-02 -1.676733536293635307e+00 -1.596408942983209844e-01 2.852403715058985517e-02 9.867629726394597789e-01 5.653920395679611488e+01
9.865579208471412231e-01 -3.100386794964196582e-03 1.633825462388403538e-01 5.329869749409371416e+00 7.398838329304846008e-03 9.996421348907519322e-01 -2.570718464626026503e-02 -1.714863367093235613e+00 -1.632443751102684026e-01 2.657046768089943445e-02 9.862278054496717017e-01 5.738170613106663609e+01
9.859772418198388122e-01 -4.534216931596055274e-03 1.668182228959402547e-01 5.490412981409586557e+00 9.199051783586204359e-03 9.995876424784195802e-01 -2.720151559598466690e-02 -1.741715418832712414e+00 -1.666260965744120193e-01 2.835464479151387357e-02 9.856123771844188530e-01 5.825547882513496489e+01
9.854272017446444876e-01 -3.921059360685606558e-03 1.700525076416368186e-01 5.623195862745640206e+00 8.616683208912312777e-03 9.996014339525784997e-01 -2.688356394577900640e-02 -1.779777836484359721e+00 -1.698793184357537123e-01 2.795708377924135263e-02 9.850682304461776395e-01 5.909113785692167653e+01
9.847110813710687749e-01 -3.860151332544557896e-03 1.741527647116439814e-01 5.750517303787514578e+00 8.635805371753841123e-03 9.996069154407611901e-01 -2.667278516744573877e-02 -1.820937813242732073e+00 -1.739813469616802166e-01 2.776893650641630920e-02 9.843573421652836997e-01 5.992420189576387202e+01
9.841391394959260186e-01 -1.118552170081195092e-03 1.773947658564374585e-01 5.898913785158512724e+00 5.927285319242962813e-03 9.996291191738251314e-01 -2.657990572796411002e-02 -1.851826850496619548e+00 -1.772992425278848705e-01 2.720979494237285579e-02 9.837807711366550745e-01 6.076978604988705968e+01
9.834369293038746074e-01 -1.502001785512918804e-03 1.812444483894647684e-01 6.042339500457745594e+00 6.339233691997397425e-03 9.996389060064415633e-01 -2.611267344496956758e-02 -1.901278163198603322e+00 -1.811397808256465791e-01 2.682911830235370013e-02 9.830913376759834454e-01 6.161732169050133479e+01
9.827400003139837859e-01 -1.107037186066719709e-03 1.849888273694897944e-01 6.187387488266745450e+00 6.195517527172116068e-03 9.996180904669551559e-01 -2.693118589608495608e-02 -1.937807204391854388e+00 -1.848883645485586702e-01 2.761245515827320113e-02 9.823715412076486908e-01 6.245469890986476713e+01
9.821146275744971899e-01 -1.306839120228453673e-03 1.882794478314606113e-01 6.368291248782065317e+00 6.590069933604628984e-03 9.996018026704290849e-01 -2.743732997759627465e-02 -1.979544711488500086e+00 -1.881686192819516101e-01 2.818737784085536754e-02 9.817321643136585063e-01 6.335369406451543739e+01
9.815828050398957005e-01 4.727913514699995417e-05 1.910371550633353233e-01 6.520591353252995326e+00 4.977804486252086942e-03 9.996541051250361631e-01 -2.582424382553425227e-02 -2.020863513345459772e+00 -1.909722972383850470e-01 2.629957929981724743e-02 9.812430452319884644e-01 6.418063874703113925e+01
9.810169871098687322e-01 -6.366815433277641257e-04 1.939207715498459106e-01 6.687093067710470962e+00 5.022828861660780936e-03 9.997425414994119963e-01 -2.212740171199106820e-02 -2.049049720541040731e+00 -1.938567568904979166e-01 2.268138780828334727e-02 9.807676138897472029e-01 6.502435530172529354e+01
9.805438646642501421e-01 -3.952339512440171052e-03 1.962603079628551794e-01 6.867120429454453223e+00 8.152716767273986490e-03 9.997545812044625890e-01 -2.059880020785219076e-02 -2.075445197270914477e+00 -1.961307285424927216e-01 2.179808186673329665e-02 9.803354430746252790e-01 6.587507548636564536e+01
9.799590098337805921e-01 -3.488555026013687686e-03 1.991686949031558074e-01 7.037593860238371413e+00 8.099780427855482814e-03 9.997175681217925769e-01 -2.234228156814783289e-02 -2.117686069150527040e+00 -1.990345010359169386e-01 2.350774281976780386e-02 9.797104946997876596e-01 6.671332244820838753e+01
9.793102919782832316e-01 -3.412306180439362603e-03 2.023356325315444904e-01 7.200675374412151442e+00 8.917727569420086028e-03 9.996142129435556800e-01 -2.630398099593013808e-02 -2.148614928987258921e+00 -2.021678168265337028e-01 2.756413335781818241e-02 9.789629167602954540e-01 6.753401110735916291e+01
9.787646824060713957e-01 -2.684028766887842487e-03 2.049694915447665966e-01 7.378879143190427037e+00 8.943399846097174408e-03 9.995212869560655689e-01 -2.961777373274641217e-02 -2.191182809268531262e+00 -2.047918750188455761e-01 3.082195502024252798e-02 9.783201393281215630e-01 6.833373828014907758e+01
9.780877485714860597e-01 -2.806923910412211128e-03 2.081741513073174787e-01 7.534588039115736713e+00 9.147727974473924759e-03 9.995228415298818003e-01 -2.950268348704607885e-02 -2.222176596998818976e+00 -2.079920074600603297e-01 3.076053377613840317e-02 9.776467226941134570e-01 6.914985051438158337e+01
9.775254839330845824e-01 -4.862528613116582320e-03 2.107612015454334853e-01 7.733519234348952942e+00 1.109624807848875495e-02 9.995349164200241221e-01 -2.840464989745422261e-02 -2.256455520461141173e+00 -2.105250615484267340e-01 3.010492771462730185e-02 9.771248087052788467e-01 6.998954405594921013e+01
9.768635407693559980e-01 -8.517803558768757832e-03 2.136938692103505788e-01 7.912742448234237003e+00 1.456012648102634165e-02 9.995369778683972362e-01 -2.671764567787664191e-02 -2.290661580019012877e+00 -2.133673485620813659e-01 2.921090372183428319e-02 9.765352516275798145e-01 7.080927744916253630e+01
9.764158985048594364e-01 -4.626199602383849509e-03 2.158485381562414152e-01 8.109738108806208601e+00 1.067439980071599459e-02 9.995821249309942980e-01 -2.686322220682953871e-02 -2.325396513144983413e+00 -2.156340658055725668e-01 2.853373084049699859e-02 9.760572605480067887e-01 7.163843093284542363e+01
9.757517442104146621e-01 -2.195662259346922978e-03 2.188691680835288811e-01 8.279662739953021600e+00 8.215329766199565981e-03 9.996124730883473308e-01 -2.659721795661418656e-02 -2.359300712325777205e+00 -2.187259518830944882e-01 2.775036420377081925e-02 9.753916522399562750e-01 7.244715416394421936e+01
9.751156753970340318e-01 -3.957934766231317736e-03 2.216613505944866891e-01 8.449487570040147943e+00 1.061869175272974787e-02 9.995268980046173590e-01 -2.886561190636052071e-02 -2.395544952312081310e+00 -2.214422339583084764e-01 3.050106420527603709e-02 9.746963743145343750e-01 7.326074982897102927e+01
9.745221452822394603e-01 -3.894960807631943356e-03 2.242574806663277520e-01 8.635342282740088748e+00 1.114738024260846470e-02 9.994546515502370498e-01 -3.108271880518217664e-02 -2.421768261579795745e+00 -2.240141162253577456e-01 3.279068122046772948e-02 9.740341097502023260e-01 7.409059197718462997e+01
9.737473354042718299e-01 -4.224759680676063063e-03 2.275923509231376207e-01 8.821142809035620758e+00 1.196885709878676117e-02 9.993949567109601251e-01 -3.265680572940139054e-02 -2.460195769765970208e+00 -2.273166805424294556e-01 3.452349788679553999e-02 9.732087416586593376e-01 7.489083481395115882e+01
9.733389066607452955e-01 -4.630376645909176254e-03 2.293249493460781663e-01 9.026176570907473717e+00 1.224289913138923783e-02 9.994197849510362275e-01 -3.178372019264111281e-02 -2.493081133203368438e+00 -2.290447209636645443e-01 3.374393368507135754e-02 9.728308500135746106e-01 7.573409065651081562e+01
9.727735696493553519e-01 -5.420591479234540717e-03 2.316941936684333569e-01 9.208755919567908066e+00 1.262093190610551717e-02 9.994819658695345277e-01 -2.960594500084481884e-02 -2.531938720506765605e+00 -2.314136864350761214e-01 3.172407744264364032e-02 9.723380526550120528e-01 7.654133200002841875e+01
9.721790898229880629e-01 -6.558013893860558177e-03 2.341469832492272807e-01 9.400316497027272789e+00 1.381751551623623155e-02 9.994728943192420223e-01 -2.937702820362792649e-02 -2.562332690488772879e+00 -2.338309080851044830e-01 3.179506211483337091e-02 9.717572641607619133e-01 7.735513533910548745e+01
9.718213932816499590e-01 -7.435432392881858622e-03 2.356011330729185227e-01 9.615614750181588732e+00 1.495723926785622916e-02 9.994333186800291591e-01 -3.015497480861983187e-02 -2.598119541592832871e+00 -2.352434070353434936e-01 3.282919215203568275e-02 9.713818937930889241e-01 7.816964209326822299e+01
9.711922105787567094e-01 -6.149756132068475226e-03 2.382181156223504293e-01 9.810421835753185604e+00 1.394672616429869054e-02 9.994202528526610063e-01 -3.105876715554701725e-02 -2.630471902206834578e+00 -2.378890055056045172e-01 3.348639555760677539e-02 9.707149336299063513e-01 7.897932783223313891e+01
9.704478403015426302e-01 -6.201403260741201497e-03 2.412312829043299633e-01 9.993056213354769568e+00 1.396359466233258739e-02 9.994377986341829168e-01 -3.048121856759732073e-02 -2.662589618176244066e+00 -2.409066360193868328e-01 3.294888858303466478e-02 9.699888470817408237e-01 7.978165908576808363e+01
9.699507041485115888e-01 -4.440031176403042013e-03 2.432610072431643788e-01 1.020471112624719900e+01 1.205078010969660648e-02 9.994830214507939292e-01 -2.980718923918631094e-02 -2.690660429019717359e+00 -2.430029016710584244e-01 3.184298909878740397e-02 9.695027662800658197e-01 8.060056506306469259e+01
9.691135491212137243e-01 -1.629991862126790002e-03 2.466095538218542882e-01 1.039281778764622999e+01 9.496980771119602552e-03 9.994830780357356614e-01 -3.071455805388475721e-02 -2.725909765753866676e+00 -2.464320114472096368e-01 3.210794055591036783e-02 9.686280730431778840e-01 8.141466655967258248e+01
9.682909904187921857e-01 -4.016175699279069845e-03 2.497927705249833596e-01 1.058539928143670572e+01 1.223267830761271165e-02 9.994336232299197986e-01 -3.134955085704187877e-02 -2.766013877871580817e+00 -2.495253883980885767e-01 3.341112225394883561e-02 9.677917014804964246e-01 8.219675543221732994e+01
9.673784803689817746e-01 -6.355865252780171400e-03 2.532557574782614562e-01 1.078839091484731938e+01 1.538996229756367518e-02 9.993132676475822151e-01 -3.370670799696365294e-02 -2.799736098363402093e+00 -2.528676032620214009e-01 3.650474051957509208e-02 9.668119667960874963e-01 8.299181385284767032e+01
9.665459413624228890e-01 -6.137660285624296427e-03 2.564201091218195061e-01 1.099356010082981960e+01 1.556159704214679987e-02 9.992752555445130191e-01 -3.473903213889502350e-02 -2.842020620645805185e+00 -2.560210536915380475e-01 3.756717693236483191e-02 9.659409543465927728e-01 8.377963657634781214e+01
9.657085007998480464e-01 -7.404498394073076931e-03 2.595231490376954109e-01 1.122953393192144844e+01 1.707380842579520053e-02 9.992406263969972890e-01 -3.502364377926507621e-02 -2.870446473507339391e+00 -2.590667414948296665e-01 3.825367905535072277e-02 9.651015902432140692e-01 8.461162293942008716e+01
9.650629071493176392e-01 -5.579677715131702888e-03 2.619588754768629180e-01 1.144991122114830695e+01 1.511684048814183196e-02 9.992936035070562051e-01 -3.440603324330866047e-02 -2.915965583167330788e+00 -2.615818540689765492e-01 3.716397700030028839e-02 9.644655371942313371e-01 8.540504959627695314e+01
9.639819492634125186e-01 -4.288427136399292072e-03 2.659330947569467640e-01 1.165592568171734200e+01 1.370418540425852143e-02 9.993427114831417990e-01 -3.356099384596828578e-02 -2.957170570422390732e+00 -2.656143761107766510e-01 3.599658870253136939e-02 9.634071043982720406e-01 8.619121837107911688e+01
9.628589183295629406e-01 -6.654568480157640673e-03 2.699229892239023987e-01 1.186947376064831694e+01 1.608404637890041219e-02 9.993345676724182391e-01 -3.273721593330387869e-02 -2.993713679497229663e+00 -2.695255216956370936e-01 3.586277420007100841e-02 9.623252332664714581e-01 8.695741720820068110e+01
9.617886853467140229e-01 -4.964363373906922200e-03 2.737478398733608209e-01 1.209416634794396295e+01 1.436858811074416369e-02 9.993730123982290658e-01 -3.235932270295988067e-02 -3.035193821808741976e+00 -2.734155599353173538e-01 3.505620039853615116e-02 9.612569866580288336e-01 8.773780838286032235e+01
9.604719061816429093e-01 -2.684834988986811808e-03 2.783639867096374676e-01 1.231311231472864165e+01 1.145323969846788470e-02 9.994879228329064391e-01 -2.987834352123551820e-02 -3.063635836132016177e+00 -2.781412244458032479e-01 3.188547901859764555e-02 9.600108205075311707e-01 8.851506515177175061e+01
9.593249559696993556e-01 -1.496556050483508881e-03 2.823001756530131301e-01 1.253123242069602661e+01 9.639953199002704656e-03 9.995764237700426325e-01 -2.745986790599000416e-02 -3.112293071117965049e+00 -2.821395047774332698e-01 2.906429705121293255e-02 9.589330354518310617e-01 8.929141495556801544e+01
9.581063802039163635e-01 -5.287528295535864550e-03 2.863637656147725030e-01 1.276966286214683421e+01 1.337393100352760565e-02 9.995648998495721971e-01 -2.628971202255808021e-02 -3.140987342113469971e+00 -2.861001611010753898e-01 2.901815006577884368e-02 9.577602230123664073e-01 9.007264671726191807e+01
9.568132438836777220e-01 -5.940184404816716002e-03 2.906426165207549039e-01 1.301433978720409002e+01 1.501612640876112681e-02 9.994664182422713372e-01 -2.900680529880693415e-02 -3.169838563613319948e+00 -2.903152291500910587e-01 3.211842174210247786e-02 9.563919043511011076e-01 9.085847200699114978e+01
9.552778172400805401e-01 -3.880528370316421033e-03 2.956843475542701993e-01 1.322447724554341519e+01 1.362520522846156525e-02 9.994295155900968508e-01 -3.090302816599660787e-02 -3.205688235406314757e+00 -2.953957441662109495e-01 3.354973721079267807e-02 9.547857191336579508e-01 9.161361857025976008e+01
9.539741699493828886e-01 -2.753208054106831039e-03 2.998761459582886535e-01 1.348035084536881456e+01 1.280746305745568241e-02 9.994195583842034880e-01 -3.156762913424641243e-02 -3.234953795578302316e+00 -2.996151731128079976e-01 3.395535546178567177e-02 9.534557052511906106e-01 9.243370167951700012e+01
9.527907650963048924e-01 -3.952014395549814478e-03 3.036019425652863868e-01 1.372547356310926148e+01 1.345223835617863177e-02 9.994828705253145928e-01 -2.920665694131063805e-02 -3.267674294877690677e+00 -3.033295159235359084e-01 3.191195870980378241e-02 9.523512123481003844e-01 9.320698662630452702e+01
9.514075061704819758e-01 -3.819018766948687263e-03 3.079109811262373264e-01 1.396985773571410760e+01 1.269935121941645657e-02 9.995590215438423520e-01 -2.684192483642159135e-02 -3.307194177689909864e+00 -3.076726892024547189e-01 2.944787846307262216e-02 9.510364550178679321e-01 9.396574530394109104e+01
9.499327618406149254e-01 -4.131336537629001424e-03 3.124270795566137515e-01 1.421411273578013557e+01 1.322410927696150360e-02 9.995482174675134335e-01 -2.699044074018123324e-02 -3.340685621045125231e+00 -3.121744238653974546e-01 2.977067375675444480e-02 9.495582320576108071e-01 9.472564609298268579e+01
9.487171025668984514e-01 -5.464982833649353715e-03 3.160790933606609232e-01 1.448559970957705723e+01 1.555403431959111182e-02 9.994465451949662294e-01 -2.940536199799389724e-02 -3.378260100939362687e+00 -3.157434580691332870e-01 3.281367490050454000e-02 9.482770330584142648e-01 9.548823525291055603e+01
9.472241053104957231e-01 -6.878132373837168162e-03 3.204983394867735313e-01 1.474168064886736396e+01 1.791159223091438532e-02 9.993435440292223193e-01 -3.149056796675935022e-02 -3.404955730081018928e+00 -3.200713501431901586e-01 3.556926063560525431e-02 9.467254926932892056e-01 9.623033924907194603e+01
9.457304833030550917e-01 -9.010281902316020705e-03 3.248271352141175461e-01 1.499680274734932794e+01 2.005212419902929061e-02 9.993286684498901007e-01 -3.066145347628088103e-02 -3.434623600014011569e+00 -3.243328001705602093e-01 3.551094527342564533e-02 9.452762598834854035e-01 9.697436250272866687e+01
9.442756682391135747e-01 -9.731130575896021137e-03 3.290118044528043129e-01 1.526200364519219477e+01 1.996718442799488499e-02 9.994155375788477125e-01 -2.774697806974571468e-02 -3.460860851301683194e+00 -3.285494999503026925e-01 3.277023563692172542e-02 9.439180778747200407e-01 9.775656679320654519e+01
9.426477908025168162e-01 -9.301074017376865025e-03 3.336594559086518696e-01 1.552382860142087573e+01 1.864917161197048034e-02 9.995178539868597722e-01 -2.482474490687664945e-02 -3.492436419421360849e+00 -3.332676865423973567e-01 2.962346339690048388e-02 9.423667542539105879e-01 9.851516082383450623e+01
9.409567710079081992e-01 -6.304787247910508159e-03 3.384680261887811348e-01 1.578434267915235800e+01 1.614558590282456560e-02 9.995245717763689974e-01 -2.626690829013510545e-02 -3.524244979644833187e+00 -3.381415016679043539e-01 3.018078980123685418e-02 9.406112080858635149e-01 9.924366478672783387e+01
9.389512067778411630e-01 -7.989988725914052778e-03 3.439575429767393056e-01 1.606721220863732924e+01 1.953238554236202268e-02 9.993558560789342904e-01 -3.010579405640279385e-02 -3.550646756748531363e+00 -3.434954398612304893e-01 3.498618299988981439e-02 9.385024506060906102e-01 9.997150328585166790e+01
9.370722122709260749e-01 -4.584871780668894892e-03 3.491054968636661537e-01 1.633143291970904443e+01 1.760377791199781161e-02 9.992623969628297020e-01 -3.412871253544406958e-02 -3.582033587409559683e+00 -3.486915198178720532e-01 3.812664379219270899e-02 9.364617360256880518e-01 1.007089586392144440e+02
9.352053711982273310e-01 -3.153204722783187848e-04 3.541056540850284207e-01 1.659996701586156931e+01 1.339506351274019104e-02 9.993153762632879245e-01 -3.448696909348229755e-02 -3.616343423846664962e+00 -3.538523505015555015e-01 3.699566645926129216e-02 9.345693311401562786e-01 1.014381906140888532e+02
9.337174842256966700e-01 1.698102685416250177e-03 3.580066704664954802e-01 1.687004553766213633e+01 1.075821175250464209e-02 9.994040693042393064e-01 -3.279888928023854539e-02 -3.651750467780645604e+00 -3.578490191842425006e-01 3.447640795382923840e-02 9.331427847674098608e-01 1.021693011129854654e+02
9.321565985339438365e-01 -3.339779950136424150e-03 3.620399448672930176e-01 1.715473690443728927e+01 1.502801217408647992e-02 9.994525921289904025e-01 -2.947329192233249726e-02 -3.683962973093335869e+00 -3.617433270424257330e-01 3.291446424489073014e-02 9.316965189286413596e-01 1.028903760303219599e+02
9.304041370607123440e-01 -6.085925078489313848e-03 3.664847926671038203e-01 1.745323380497524113e+01 1.740435110243516992e-02 9.994678680359623257e-01 -2.758748495881608795e-02 -3.721498448535028647e+00 -3.661218790280282298e-01 3.204594014206412628e-02 9.300149608567578330e-01 1.036154306102914120e+02
9.286813180722461869e-01 -3.204520713724569227e-03 3.708648547794611283e-01 1.773371941568616705e+01 1.442232522213744879e-02 9.995183514928757118e-01 -2.747838357968570774e-02 -3.752820225205452331e+00 -3.705981732264505557e-01 3.086739503036748170e-02 9.282802367417161138e-01 1.043336182189525800e+02
9.269419961169921285e-01 -1.869490195791498593e-03 3.752000011208073138e-01 1.802200343943581728e+01 1.348353462143066575e-02 9.995076460987404321e-01 -2.833124925359121679e-02 -3.784119080730937945e+00 -3.749623049437884048e-01 3.132044694068514962e-02 9.265108199447411597e-01 1.050487417391069869e+02
9.254861495237279856e-01 -1.705140908842973273e-03 3.787776122399849621e-01 1.830575839555828210e+01 1.373259543059789263e-02 9.994835023193011647e-01 -2.905416345869023254e-02 -3.815817240573990521e+00 -3.785324330390764103e-01 3.209082557407585967e-02 9.250315540842326545e-01 1.057655169079498734e+02
9.242119717755410413e-01 -6.411511084845513807e-04 3.818793266884478732e-01 1.859945125393158705e+01 1.246121529046944829e-02 9.995166840838951572e-01 -2.848010448402238382e-02 -3.848294375255005839e+00 -3.816764982812679285e-01 3.108033402639606008e-02 9.237732749417230105e-01 1.064807805146912187e+02
9.226570544151991848e-01 -7.611279442923399655e-04 3.856207730687239987e-01 1.888647478239052191e+01 1.193123636769231541e-02 9.995756338167688382e-01 -2.657438387892173404e-02 -3.880802101135203852e+00 -3.854369021469092882e-01 2.911997534439990723e-02 9.222745911599943280e-01 1.071903509327331392e+02
