9.999992337044923962e-01 1.208917359837218290e-03 2.666631679198914161e-04 -7.472853176295757294e-03 -1.208930590101331285e-03 9.999992680200729955e-01 4.945853368615131529e-05 -9.258968057110905647e-04 -2.666031814478399568e-04 -4.978087304725082750e-05 9.999999632223035562e-01 6.259955763816833496e-01
9.999984418155908328e-01 1.764988464532006064e-03 -3.438183043724281747e-05 -4.472668356038933535e-03 -1.764971574071516830e-03 9.999983247032072642e-01 4.852485150644748760e-04 1.162467244603587312e-03 3.523823086899258768e-05 -4.851870760044179709e-04 9.999998816758771669e-01 1.286200001958919259e+00
9.999981448710570930e-01 1.843564805428830845e-03 -5.581426808024117026e-04 -1.702832229439027283e-03 -1.842256949375141234e-03 9.999955775189749430e-01 2.334744487972881862e-03 4.307875560850269511e-04 5.624444651946924976e-04 -2.333711914488357467e-03 9.999971187183109844e-01 1.962351033016798807e+00
9.999970375136360001e-01 2.350651106425872064e-03 -6.319836445181163101e-04 -7.074994669862097463e-03 -2.347925033275921787e-03 9.999880834909334881e-01 4.280201416739231636e-03 1.848081937955482496e-03 6.420373736752703385e-04 -4.278704886481315799e-03 9.999906401924495425e-01 2.654631065844020199e+00
9.999970207912195486e-01 2.414704978933051964e-03 -3.572233886063839884e-04 -1.652062333712592951e-02 -2.412652164697194190e-03 9.999811871871213675e-01 5.639537336298032846e-03 -3.602233845817092838e-03 3.708344871144559295e-04 -5.638658679157083388e-03 9.999840338775829451e-01 3.332500009172665756e+00
9.999988666161243600e-01 1.472653266491014785e-03 -3.131434541883831315e-04 -1.686844590673378802e-02 -1.470375330417794581e-03 9.999733266438455281e-01 7.154299212952575093e-03 -4.670563589078308674e-03 3.236709037069108140e-04 -7.153830665975286981e-03 9.999743586432345843e-01 4.040188612735548190e+00
9.999997857186347927e-01 6.468043018890823727e-04 -1.010290989417120667e-04 -2.301657466346663378e-02 -6.460596979178242702e-04 9.999738414871258696e-01 7.204092472142839196e-03 2.751219029211122297e-03 1.056860941729153604e-04 -7.204025657610928571e-03 9.999740450855579832e-01 4.765177892988269548e+00
9.999990718362915532e-01 -1.357692103376151793e-03 1.140118726745283605e-04 -2.748200693836160002e-02 1.356662146499570953e-03 9.999621499010664660e-01 8.594081280580654139e-03 6.713349553204308283e-04 -1.256756736042853389e-04 -8.593918628274396787e-03 9.999630637019726320e-01 5.521534679001733004e+00
9.999988005653172030e-01 -1.528506185487155805e-03 2.500735235949825457e-04 -3.982739259966076861e-02 1.525954395700470159e-03 9.999497844333798957e-01 9.904548188546908119e-03 1.273450365795032475e-03 -2.652001291819482283e-04 -9.904154707895719556e-03 9.999509174896602515e-01 6.273847279476710170e+00
9.999968881941027066e-01 -2.455655750928689620e-03 -4.397237127085388783e-04 -1.795372847525548987e-02 2.459520858724996688e-03 9.999563272091731569e-01 9.016342467240546707e-03 1.829710653390488433e-03 4.175634755147904394e-04 -9.017395919776372351e-03 9.999592552757186059e-01 7.057159649455755357e+00
9.999998046313587352e-01 -1.850514686254555667e-04 -5.970705133200402293e-04 -2.674755558069469991e-02 1.885316297367740674e-04 9.999829646240798731e-01 5.833945274090424071e-03 1.866740640961168452e-03 5.959807618585441025e-04 -5.834056700997410951e-03 9.999828041468218354e-01 7.845790291034655972e+00
9.999998439251521765e-01 -1.706707810621264790e-04 -5.319973265565646489e-04 -2.200720989001110628e-02 1.712362504215353268e-04 9.999994202976293378e-01 1.063053409785785384e-03 5.320411077980014523e-03 5.318155860006944105e-04 -1.063144341097323588e-03 9.999992934478966200e-01 8.653698738369778098e+00
9.999887365614084089e-01 4.738916521582978332e-03 -2.634777390814957367e-04 -3.653577457019775016e-02 -4.738960058574592620e-03 9.999887574758936637e-01 -1.648617047890242127e-04 4.470484066424508518e-03 2.626935110700615830e-04 1.661084583611635752e-04 9.999999517000485172e-01 9.483858600736901678e+00
9.999716049381128791e-01 7.535605706863859887e-03 6.296129469473189680e-05 -4.039211986394473930e-02 -7.535688582406987676e-03 9.999705691385659678e-01 1.440227163200361298e-03 1.117277131788900132e-02 -5.210645765939911914e-05 -1.440660724570499160e-03 9.999989608902570826e-01 1.034138747717295104e+01
9.999310345116357857e-01 1.172963628860580580e-02 5.846819870991265935e-04 -5.017839056140667442e-02 -1.173266324644187987e-02 9.999161826464946223e-01 5.474695864405949505e-03 8.129188086753849629e-03 -5.204167893221098426e-04 -5.481178176192915905e-03 9.999848428112129151e-01 1.118553346634084456e+01
9.998778937876604544e-01 1.561570221969216937e-02 5.893716459122046820e-04 -5.630885697703078008e-02 -1.561914186311503042e-02 9.998577237664163508e-01 6.369821983436476688e-03 5.951488290607149893e-03 -4.898185490484505220e-04 -6.378249667948409155e-03 9.999795387951506687e-01 1.203695498171439304e+01
9.998622102453681437e-01 1.659840086193989026e-02 2.315428094807042551e-04 -5.182585636635680948e-02 -1.659965577926818606e-02 9.998351190722729598e-01 7.361120685297345423e-03 -3.825828980883491486e-03 -1.093218005597856374e-04 -7.363949929219854550e-03 9.999728797773386191e-01 1.288419664541121534e+01
9.998226401824134024e-01 1.882925450236466389e-02 3.838665814840823073e-04 -5.936614316004167058e-02 -1.883125561808599371e-02 9.998038655031378230e-01 6.133052814843217154e-03 1.164725742143751103e-05 -2.683104796781339758e-04 -6.139193747433902351e-03 9.999811189765623887e-01 1.377126932696443973e+01
9.997973666894686140e-01 2.010779956283885103e-02 9.497144539368231834e-04 -8.151604126778561055e-02 -2.011281444517981631e-02 9.997820082877340031e-01 5.604515968331524357e-03 -1.086614751176452490e-03 -8.368129403189061106e-04 -5.622481737294879149e-03 9.999838435910934908e-01 1.463500501843752488e+01
9.998184993407072119e-01 1.903889185712175774e-02 6.992660068438188428e-04 -7.294510331098562339e-02 -1.904213781369475111e-02 9.998063151465564902e-01 4.972844311757407786e-03 3.934468654569775545e-04 -6.044531245359131789e-04 -4.985257256907022448e-03 9.999873908437558745e-01 1.550552258398739625e+01
9.997742423701038161e-01 2.118860378958376325e-02 1.583465418676833266e-03 -9.621480909397803205e-02 -2.119829950705117566e-02 9.997549332015109869e-01 6.380096962571158228e-03 -8.838059729093081587e-03 -1.447892017197113411e-03 -6.412223381206558388e-03 9.999783932665824437e-01 1.639669884996463978e+01
9.997318130123582502e-01 2.309963228062577797e-02 1.645916013124955422e-03 -1.021550927092765015e-01 -2.310916645661236640e-02 9.997147596174356110e-01 6.030408670521083224e-03 -9.663087727783414155e-03 -1.506146308620768788e-03 -6.066827140506403718e-03 9.999804623750125909e-01 1.729240716156051505e+01
9.997815543509145364e-01 2.084111959486361493e-02 1.578389591038908057e-03 -9.432976492838507365e-02 -2.084726353339570043e-02 9.997747438125232922e-01 3.981612458822307229e-03 -1.119447944849849205e-02 -1.495052787582563589e-03 -4.013647796667096403e-03 9.999908276821974917e-01 1.825806960400835877e+01
9.997726971561078368e-01 2.125653537519041347e-02 1.647338776285667402e-03 -1.035527845268956471e-01 -2.125884661675456894e-02 9.997730271469902341e-01 1.398438367787222881e-03 -3.862679772171493352e-03 -1.617238920468848287e-03 -1.433141021140110901e-03 9.999976653198182630e-01 1.917103448209972072e+01
9.997166408328113096e-01 2.375555689345126495e-02 1.520381084036459118e-03 -1.186049350688486714e-01 -2.375844315729499709e-02 9.997159050439654582e-01 1.909340426998216555e-03 -5.843554114415280137e-03 -1.474591706296712011e-03 -1.944921285447454582e-03 9.999970214258103729e-01 2.006214832287082928e+01
9.997136210568359216e-01 2.387948718543498466e-02 1.563958179925802614e-03 -1.170441903426174268e-01 -2.388564613929220620e-02 9.997065119578701919e-01 4.045473709834137600e-03 -1.590027700931886251e-02 -1.466895339288605419e-03 -4.081671323010882188e-03 9.999905940444009378e-01 2.098044234908159567e+01
9.996958037548866471e-01 2.461753189736486450e-02 1.508999056379415260e-03 -1.210831885839605687e-01 -2.462573410311338570e-02 9.996805929198423479e-01 5.682020707014497594e-03 -2.239927916156718435e-02 -1.368639745400439560e-03 -5.717452467175022229e-03 9.999827186319433237e-01 2.189537915742330298e+01
9.996623971283824517e-01 2.590822374939888775e-02 1.963596110706563452e-03 -1.294344585995100549e-01 -2.592253840005668067e-02 9.996346555708506276e-01 7.653586390996139528e-03 -2.370236063924338610e-02 -1.764587893103134819e-03 -7.701903913834366212e-03 9.999687829655828919e-01 2.282776448152885962e+01
9.996858828973195221e-01 2.498470344970021850e-02 1.974874511417027377e-03 -1.350994346548045066e-01 -2.500106799650530717e-02 9.996491429424647635e-01 8.748577794682547634e-03 -2.526303947786561963e-02 -1.755600990950174521e-03 -8.795203688717617360e-03 9.999597803198055912e-01 2.374418058921853003e+01
9.997227149127732027e-01 2.346270533797274044e-02 1.998685982342372422e-03 -1.397101395225804066e-01 -2.348228438658291756e-02 9.996700354795512444e-01 1.041165137239606804e-02 -2.749105773382259921e-02 -1.753740978648452584e-03 -1.045569808937394686e-02 9.999437998057906229e-01 2.467437928615902720e+01
9.997375231547873664e-01 2.284723865745832624e-02 1.699553487959661307e-03 -1.310309003204555289e-01 -2.286413284045288666e-02 9.996814036536019188e-01 1.069217557928051933e-02 -2.745105035853920294e-02 -1.454725329200619267e-03 -1.072822794748418476e-02 9.999413927322553519e-01 2.563933496271916468e+01
9.997559157374598104e-01 2.202569892140641625e-02 1.725553527094496201e-03 -1.355170507769211108e-01 -2.204115855683712669e-02 9.997117264763510924e-01 9.521096320563804394e-03 -3.253778303636697955e-02 -1.515347294740546861e-03 -9.556805569678835169e-03 9.999531844990937612e-01 2.657182419609474877e+01
9.997596964667696540e-01 2.185389173352766598e-02 1.719516434955232782e-03 -1.462472364226226340e-01 -2.186227090250859525e-02 9.997484127021029066e-01 5.015217902603617481e-03 -2.866544821619864195e-02 -1.609481797398123505e-03 -5.051605262144015507e-03 9.999859453275422583e-01 2.749016233845714297e+01
9.998159367954443377e-01 1.910814963581844092e-02 1.723701639323489991e-03 -1.469184594533722854e-01 -1.911263496051516728e-02 9.998138927272737231e-01 2.624327418841296798e-03 -3.208798915434455529e-02 -1.673234804899800896e-03 -2.656788856940017849e-03 9.999950708669800292e-01 2.841516672867997784e+01
9.998561339943147219e-01 1.683611333344459463e-02 2.063153354585942501e-03 -1.563344193698874840e-01 -1.684496082177720441e-02 9.998486564445424607e-01 4.348735558266382181e-03 -4.096916263570252181e-02 -1.989625304905652450e-03 -4.382863660479157340e-03 9.999884158815435242e-01 2.936648511183788912e+01
9.999142963443888865e-01 1.288540156990909506e-02 2.316547535849614210e-03 -1.496490817735311174e-01 -1.291092433630061480e-02 9.998520879738200806e-01 1.136266725616544120e-02 -4.975254568097955965e-02 -2.169792360108896510e-03 -1.139160220400090538e-02 9.999327594395229779e-01 3.031117343355835558e+01
9.999723329589332854e-01 7.398425599823076765e-03 7.724087713119798162e-04 -1.459995987985596710e-01 -7.410527659359855863e-03 9.998270151225654434e-01 1.705942293603767215e-02 -5.667309675539950603e-02 -6.460622849071542741e-04 -1.706467490884688160e-02 9.998541791050225003e-01 3.124745074423307756e+01
9.999980501905906261e-01 4.730826661883704137e-04 -1.917239631772324395e-03 -1.452362430093799006e-01 -4.389627109059895016e-04 9.998422195326903683e-01 1.775790955268590279e-02 -5.418605100669256908e-02 1.925338088004398436e-03 -1.775703333144056442e-02 9.998404776965734708e-01 3.218817438647780449e+01
9.999828645742321331e-01 -2.474132196986139620e-03 -5.305584584401821548e-03 -1.461174141254260872e-01 2.557399091733577028e-03 9.998727649757925828e-01 1.574527133931591730e-02 -5.089226997659981877e-02 5.265953645447911564e-03 -1.575857003458496983e-02 9.998619590736854690e-01 3.313188984256574088e+01
9.999347370395207379e-01 -5.370958179294037411e-03 -1.008337591972042514e-02 -1.483952709480695908e-01 5.526686664930278645e-03 9.998648993060488266e-01 1.548027358325045934e-02 -5.244136687520809664e-02 9.998869746616642282e-03 -1.553499095400040324e-02 9.998293287655891648e-01 3.406860185870917945e+01
9.998456783553308913e-01 -6.380644848871466594e-03 -1.636786013741628118e-02 -1.655591688802685590e-01 6.647129243181311778e-03 9.998454002762197090e-01 1.627855089711959663e-02 -4.637441175225821832e-02 1.626146201883138173e-02 -1.638483804614006625e-02 9.997335154606006302e-01 3.500375691625212937e+01
9.997051631351098200e-01 -5.449039133826130872e-03 -2.366209571273747425e-02 -2.027148983770746538e-01 5.903930627164264908e-03 9.997982819815336430e-01 1.919736830721919738e-02 -3.235584451037879644e-02 2.355271543050505359e-02 -1.933140758691469924e-02 9.995356753395836513e-01 3.594503236369712340e+01
9.994574039639467777e-01 -5.600783859819833191e-03 -3.245810964614374849e-02 -2.452450082948310350e-01 6.339889799295688258e-03 9.997219224071934862e-01 2.271307235487382212e-02 -2.261097592603207584e-02 3.232187276409424076e-02 -2.290652917009750739e-02 9.992149856074019620e-01 3.686574978601789354e+01
9.990357990812553934e-01 -4.910433235295871834e-03 -4.362751195652420089e-02 -2.944839562864890459e-01 6.013356971599936006e-03 9.996647138490108997e-01 2.518530172752894356e-02 -1.282331393465769784e-02 4.348921351331931640e-02 -2.542336583964175181e-02 9.987303644014113857e-01 3.780506552324168723e+01
9.983901540778468142e-01 -5.420337223730916504e-03 -5.645989890879877376e-02 -3.343477464760742368e-01 6.964990206579213701e-03 9.996058104429821345e-01 2.719765872368893472e-02 -2.278357855538173243e-03 5.629022252428038386e-02 -2.754711732666476065e-02 9.980343517009607757e-01 3.876215757496500913e+01
9.975146647996732119e-01 -5.335592068361939486e-03 -7.025684996406537930e-02 -4.143028461552907826e-01 7.386396903583932437e-03 9.995532005089670102e-01 2.896274318952782312e-02 1.097904400170366009e-02 7.007092585641991334e-02 -2.940970604341103245e-02 9.971083865558766357e-01 3.970056128564613118e+01
9.963056783409297568e-01 -5.503985309081522830e-03 -8.570123366285187227e-02 -4.705953469481446438e-01 8.148326891514078713e-03 9.995004483680298701e-01 3.053618314353253108e-02 2.060765895825004274e-02 8.549035076829644697e-02 -3.112169432765102967e-02 9.958528204848792198e-01 4.060282667600318973e+01
9.948345562105296302e-01 -4.591685101144091230e-03 -1.014057305941234721e-01 -5.824984879059937892e-01 7.611119979050905843e-03 9.995384848484014650e-01 2.940898093483546721e-02 4.301156589775130545e-02 1.012238935333971829e-01 -3.002888167902619324e-02 9.944103728557168731e-01 4.153548423316149041e+01
9.930537739420148835e-01 -4.119221972833164887e-03 -1.175892600106716174e-01 -7.067333560897884892e-01 7.502326745269842501e-03 9.995701191249550810e-01 2.834240720068202657e-02 5.782890322442812286e-02 1.174219619701784706e-01 -2.902772748357321589e-02 9.926577828658840197e-01 4.246931783285015172e+01
9.909491279840311195e-01 -3.744250846125183989e-03 -1.341857158317778242e-01 -8.396913324704157189e-01 7.706530677547679918e-03 9.995490908567341570e-01 2.902110184660822156e-02 7.092400586501396154e-02 1.340165479804691362e-01 -2.979254190357850593e-02 9.905311551457235408e-01 4.340026008662464108e+01
9.884730993234807084e-01 -3.861602275700667160e-03 -1.513473486444120997e-01 -9.934031525628200798e-01 8.675083545977086558e-03 9.994768603939299112e-01 3.115683653007837034e-02 8.850803433584997215e-02 1.511478575412145420e-01 -3.211064566395405856e-02 9.879894896180545505e-01 4.434656395512109128e+01
9.857232799939945611e-01 -5.591412706524747159e-03 -1.682805733940287984e-01 -1.150558114837342938e+00 1.117272341823656416e-02 9.994177660846315092e-01 3.223816194858625944e-02 1.055791618899650369e-01 1.680023378685470692e-01 -3.365805904013183247e-02 9.852118297769028032e-01 4.528330788671575391e+01
9.828979280269998231e-01 -6.743043236799443549e-03 -1.840277002196522849e-01 -1.354621105074547582e+00 1.300178226484899682e-02 9.993765642612302269e-01 3.282432731002323661e-02 1.255565183493716486e-01 1.836916349161416551e-01 -3.465565139085877849e-02 9.823728259110741101e-01 4.621177448279847511e+01
9.797863392790054915e-01 -7.271185770559557456e-03 -1.999146298291656632e-01 -1.566066683392550729e+00 1.419144607263514782e-02 9.993478066981511532e-01 3.320488075510845405e-02 1.576348838232167204e-01 1.995428079901900853e-01 -3.537076624959507865e-02 9.792505178320336512e-01 4.712964120417901626e+01
9.760710604310115501e-01 -8.355713920106791828e-03 -2.172912033055245107e-01 -1.753575173327169168e+00 1.638348878436414469e-02 9.992470597192286696e-01 3.516951716654165283e-02 1.740163738276586658e-01 2.168337295817468757e-01 -3.788793590789007321e-02 9.754730329580152404e-01 4.804519007268190478e+01
9.723323331471211972e-01 -6.780315541517140457e-03 -2.335034501625836423e-01 -1.987590093721381734e+00 1.557262114005021451e-02 9.992365308520437805e-01 3.583083702064316506e-02 1.895748888751298544e-01 2.330822331013268356e-01 -3.847574212317276393e-02 9.716955746943429784e-01 4.893342768647715957e+01
9.679295210371536839e-01 -7.557031163799118011e-03 -2.511082109067175883e-01 -2.211189603625025146e+00 1.710280836774728461e-02 9.992106789337719119e-01 3.585405208125592297e-02 2.052639067350950641e-01 2.506390557170199429e-01 -3.899885106895670944e-02 9.672947603314004938e-01 4.985188038291895651e+01
9.633331349946967492e-01 -8.266334720485431914e-03 -2.681807948596901525e-01 -2.469215543751660746e+00 1.876622662365709862e-02 9.991533152363133441e-01 3.661258513943760340e-02 2.187793251221921143e-01 2.676510783830246543e-01 -4.030285799508415839e-02 9.626726234176558039e-01 5.075742892620966273e+01
9.583176828114335910e-01 -6.781257233379811740e-03 -2.856242870647665022e-01 -2.739092498688120880e+00 1.860376997517617509e-02 9.990777258099803326e-01 3.869880531834384713e-02 2.317637561375471000e-01 2.850984366032762729e-01 -4.239943797612270859e-02 9.575600080964515870e-01 5.164576062327590478e+01
9.531166031129639782e-01 -6.354001794516513958e-03 -3.025365556946745249e-01 -3.032492688648032786e+00 1.875864751821719120e-02 9.990973063572808899e-01 3.811411251638302522e-02 2.577796126850142588e-01 3.020212807298338631e-01 -4.200237006193222045e-02 9.523754232945593756e-01 5.257045918189821521e+01
9.476587254591319898e-01 -5.608960664625992770e-03 -3.192357743446577190e-01 -3.341413258000677011e+00 1.789988584626359472e-02 9.992065068764713898e-01 3.558020098888613897e-02 2.706837602287898714e-01 3.187828950051453392e-01 -3.943217183952055921e-02 9.470071645326432197e-01 5.344310739306184388e+01
9.420502748080457067e-01 -5.441785772675439455e-03 -3.354275878661246435e-01 -3.663761681530752323e+00 1.746651565330894357e-02 9.993079025085588318e-01 3.284260670038359475e-02 2.951773974635166220e-01 3.350167168441232080e-01 -3.679813788152428572e-02 9.414933332124220122e-01 5.431750720710982705e+01
9.363456319718064247e-01 -1.969876302713870209e-03 -3.510740336092478264e-01 -4.001963282932196719e+00 1.484741934892741533e-02 9.993118038007431370e-01 3.399224798657441565e-02 3.146105932180872644e-01 3.507654652698760644e-01 -3.704103632264735962e-02 9.357304900462265485e-01 5.517915227665502442e+01
9.303747693727917323e-01 1.371030971630008517e-03 -3.666072950564352451e-01 -4.353060706415231351e+00 1.270279720332589957e-02 9.992719838472611249e-01 3.597417464194269804e-02 3.318139015788983404e-01 3.663897207315358617e-01 -3.812640255823576685e-02 9.296800255841974892e-01 5.605132157616100841e+01
9.245642386826068426e-01 3.558630343943537840e-03 -3.810095860989899941e-01 -4.719158157240455509e+00 1.146844542608749587e-02 9.992434270601633362e-01 3.716245735372997183e-02 3.528320244004646278e-01 3.808535720047243056e-01 -3.872866673581868563e-02 9.238239264405896378e-01 5.689792622283801649e+01
9.185719035127141163e-01 3.901289202294646805e-03 -3.952346619662626681e-01 -5.086459452445756035e+00 1.192534224889197497e-02 9.992224986234162776e-01 3.757904279013490195e-02 3.712991116312927553e-01 3.950739731863807114e-01 -3.923236148049279864e-02 9.178111883842943186e-01 5.773378515149781975e+01
9.123379828169904115e-01 6.365823016530785042e-03 -4.093884236354810024e-01 -5.470038910574039015e+00 9.589704221563943518e-03 9.992726056781312538e-01 3.690930931594171155e-02 3.912320702865972888e-01 4.093255949514581493e-01 -3.759967870287122399e-02 9.116133069888106011e-01 5.857754254879642986e+01
9.064195235892021918e-01 9.299642797932751448e-03 -4.222761701779434995e-01 -5.879176617628436574e+00 7.660723600938913573e-03 9.992311777352221869e-01 3.844953518301770512e-02 4.122578523073116008e-01 4.223090817993748747e-01 -3.808635038581348331e-02 9.056514060851768022e-01 5.941646995903313666e+01
9.010358455728254556e-01 1.196505380291960213e-02 -4.335795687994924985e-01 -6.291186618011348486e+00 6.384069435047531015e-03 9.991453307895171720e-01 4.083933911015243806e-02 4.326013185886211643e-01 4.336976465814744719e-01 -3.956571052058553001e-02 9.001893722438026879e-01 6.023472428195807282e+01
8.958912648901428133e-01 1.687822170459099200e-02 -4.439526631586161454e-01 -6.709051964919553690e+00 2.484143936876815131e-03 9.990721661729639047e-01 4.299576499333031265e-02 4.593403017184532477e-01 4.442664409140514303e-01 -3.962237260123985250e-02 8.950180987371205710e-01 6.105174528597854078e+01
8.913844134281309062e-01 2.251288780635822551e-02 -4.526886318210369686e-01 -7.133518384565534554e+00 -3.293261160205680337e-03 9.990610127473288360e-01 4.320008378708934532e-02 4.818802220455227769e-01 4.532361216058526376e-01 -3.701705945775791290e-02 8.906215556457105498e-01 6.183992112243072370e+01
8.871781004150824934e-01 2.356169664538952657e-02 -4.608251996094326342e-01 -7.551603227513601801e+00 -5.409539079540268136e-03 9.991579126399025013e-01 4.067188827702868797e-02 5.034057112482170915e-01 4.613954432272064365e-01 -3.359035665578463670e-02 8.865584768693528517e-01 6.263303101000018103e+01
8.840283608171902729e-01 2.614700563306084427e-02 -4.667013942204299437e-01 -7.979529382821021422e+00 -8.315263478949204770e-03 9.991559652932174851e-01 4.022702340782452479e-02 5.219778522840673451e-01 4.673592982536505236e-01 -3.168108450483807237e-02 8.834996294399067862e-01 6.341778672812741036e+01
8.811167465050092629e-01 3.052808882297322959e-02 -4.719124016395845889e-01 -8.415419162761766714e+00 -1.227512075661272954e-02 9.990543568900268623e-01 4.170987160690742962e-02 5.369575596154022579e-01 4.727394635936744693e-01 -3.095848465075093717e-02 8.806582605013673071e-01 6.419176028079779428e+01
8.784498443508714782e-01 3.405484400242762832e-02 -4.766194903273432981e-01 -8.849259498047105765e+00 -1.454156064916029001e-02 9.989003838592352968e-01 4.457091136333454773e-02 5.653937596254362541e-01 4.776132472763014447e-01 -3.222251892453083244e-02 8.779790973026321277e-01 6.497031308201758293e+01
8.760642482851418444e-01 3.607882882522108620e-02 -4.808427507898881959e-01 -9.280322882134640849e+00 -1.564864373074820875e-02 9.987988939593467341e-01 4.643155581038445334e-02 5.874973144251116608e-01 4.819404038114824540e-01 -3.315248914011019454e-02 8.755765869630367515e-01 6.572157817578795402e+01
8.734561621604446380e-01 3.733521874873808183e-02 -4.854692721737672856e-01 -9.693279968557815707e+00 -1.729425201153128588e-02 9.988055988456909784e-01 4.569775226268028151e-02 6.088800138062157030e-01 4.865955626917549681e-01 -3.151915537389173017e-02 8.730585897940703610e-01 6.644880243737411263e+01
8.710276540025891912e-01 3.723223254343446115e-02 -4.898209742575072578e-01 -1.012141437942874234e+01 -1.864167846626399450e-02 9.989106113562639111e-01 4.277941495409332689e-02 6.342972018879711182e-01 4.908801419763310636e-01 -2.813096833892660478e-02 8.707728376755967670e-01 6.719150991197096801e+01
8.685697773897531615e-01 3.616569651558741716e-02 -4.942454695803020215e-01 -1.053254693065025371e+01 -1.891527483403102061e-02 9.990261724666843479e-01 3.986124815555384948e-02 6.630828724793366158e-01 4.952057695373353052e-01 -2.527348654436100892e-02 8.684080243150839040e-01 6.789514214536622205e+01
8.663552995397952872e-01 3.700110422284213357e-02 -4.980556326813281864e-01 -1.094833497738059336e+01 -2.043582773963513108e-02 9.990429533875566648e-01 3.867239624413108118e-02 6.822017030183767927e-01 4.990098915892392517e-01 -2.332585631777524954e-02 8.662823053272749041e-01 6.859639051604520432e+01
8.641588861470621552e-01 3.729810098531893131e-02 -5.018349042822294326e-01 -1.135940308703752955e+01 -2.016575286750783153e-02 9.990150791726866153e-01 3.952485290138699203e-02 7.006026501425085540e-01 5.028148385880757409e-01 -2.403587419834419397e-02 8.640599023488872987e-01 6.929198524774349721e+01
8.620445132159559876e-01 3.657381511479560615e-02 -5.055112395211512899e-01 -1.178690530890063926e+01 -1.870698372408580862e-02 9.990093583822499124e-01 4.037760053087912498e-02 7.132000611088052944e-01 5.064872219456374447e-01 -2.535069846440542521e-02 8.618747218088933515e-01 7.000050816744202109e+01
8.598993831814222277e-01 3.778988501038555575e-02 -5.090628403204343622e-01 -1.220639737917144174e+01 -2.039895367142859420e-02 9.990032922327241049e-01 3.970270516335713817e-02 7.292867336018410418e-01 5.100558140961807263e-01 -2.375598238506229642e-02 8.598131889007070150e-01 7.068753387067312133e+01
8.578102690974241940e-01 3.765901503348934726e-02 -5.125849596093399185e-01 -1.260849808435406594e+01 -2.018780123214232794e-02 9.990111853892025273e-01 3.961191927527767803e-02 7.464711691344944056e-01 5.135698539754970371e-01 -2.363154785381234996e-02 8.577223064801449137e-01 7.136336143324184889e+01
8.558980753155283061e-01 3.615256370169063482e-02 -5.158793238820159610e-01 -1.301591348252183700e+01 -1.795167143710075380e-02 9.990292613709386149e-01 4.022775680112492674e-02 7.662084979667386220e-01 5.168328764347192017e-01 -2.516996349682036616e-02 8.557162209364639338e-01 7.203692324149911030e+01
8.539998103352749448e-01 3.669110349785320579e-02 -5.189779252255538600e-01 -1.342719223250431249e+01 -1.892836565128572929e-02 9.990409230319708955e-01 3.948355456640356004e-02 7.903036465434711833e-01 5.199288806376142213e-01 -2.389554417745623147e-02 8.538752614096398741e-01 7.270678870914562708e+01
8.528690283028915742e-01 4.042482773169565197e-02 -5.205576374087125258e-01 -1.384214427885636667e+01 -2.172734335952149556e-02 9.988824939796746571e-01 4.197244061860105901e-02 8.089587198631054132e-01 5.216726397964683848e-01 -2.448666011948673338e-02 8.527942661415922609e-01 7.337311011109972014e+01
8.515237118353646828e-01 4.258530800133309563e-02 -5.225838303320825551e-01 -1.425259134015010254e+01 -2.025215831656395835e-02 9.986237674843949641e-01 4.837789886707961201e-02 8.306930971459417501e-01 5.239248211963627444e-01 -3.061147754852981337e-02 8.512142616149328544e-01 7.404682174780197101e+01
8.506458576239720459e-01 4.208398833727118593e-02 -5.240520611855294941e-01 -1.465491386169177090e+01 -1.567074125955357500e-02 9.983777836231368941e-01 5.473782089313243560e-02 8.620511426954495793e-01 5.255055211656203262e-01 -3.835021634073188662e-02 8.499254132752290802e-01 7.469441017585097597e+01
8.498875144110948909e-01 4.377961979700797923e-02 -5.251424166248208625e-01 -1.507136401548713245e+01 -1.709572530989676709e-02 9.983090625848414223e-01 5.555854333136673456e-02 8.784886480291589361e-01 5.266867655677867077e-01 -3.824082179300312967e-02 8.491988521685243096e-01 7.534745472367532670e+01
8.489446458865946843e-01 4.157512947220842053e-02 -5.268439017677345459e-01 -1.548189948706044561e+01 -1.935168400432099242e-02 9.986777477349768617e-01 4.762634255525560745e-02 9.002232350429787422e-01 5.281273525833316551e-01 -3.023681180883242003e-02 8.486266756736785544e-01 7.598118804692201422e+01
8.480286322838314073e-01 3.591528961605822134e-02 -5.287320028129617322e-01 -1.588970484841312469e+01 -1.913378171232401129e-02 9.991254167019562038e-01 3.717929662496712029e-02 9.343349285777933222e-01 5.296048878401680149e-01 -2.141246534000264962e-02 8.479741559174233112e-01 7.661514903266568410e+01
8.476367085746491226e-01 3.185491282123223411e-02 -5.296199342980625335e-01 -1.628459488932076837e+01 -1.740681289468929208e-02 9.993283286204014404e-01 3.224739495841867643e-02 9.550755422554780827e-01 5.302914417012425385e-01 -1.811508062103673114e-02 8.476218677644598021e-01 7.724567257653717434e+01
8.479341838264873310e-01 3.046076740249351739e-02 -5.292256244247410812e-01 -1.667565174811626250e+01 -1.631845845374021650e-02 9.993744463951310664e-01 3.137552877831299020e-02 9.717803637470943112e-01 5.298502881118403174e-01 -1.796823702193342531e-02 8.479008283084311648e-01 7.787268009248475664e+01
8.478311999850407510e-01 3.206670524251269139e-02 -5.292957422337845053e-01 -1.706194057896867378e+01 -1.832136026912596985e-02 9.993453318988736456e-01 3.119672049781486989e-02 9.872004481087668371e-01 5.299496052360193055e-01 -1.675213499288068925e-02 8.478636576026642446e-01 7.850053441137538357e+01
8.481761777622438547e-01 3.179640099620937438e-02 -5.287590759129490170e-01 -1.745259178422858071e+01 -1.865410510065861407e-02 9.993705992632752055e-01 3.017332747735558193e-02 1.004085259713378475e+00 5.293856777808800818e-01 -1.572877019510465768e-02 8.482354684570952985e-01 7.912806467553738798e+01
8.489039341937743011e-01 3.277685116512040614e-02 -5.275298935018077895e-01 -1.785035238783172673e+01 -1.853099795791569165e-02 9.993074016909816448e-01 3.226947536454386617e-02 1.022037497820906582e+00 5.282222189808125634e-01 -1.761802921210887593e-02 8.489233725264417885e-01 7.975154352224699039e+01
8.492357178548939345e-01 3.460850778041919124e-02 -5.268784933062771181e-01 -1.822236509128482851e+01 -1.744290298991043806e-02 9.991438259886673556e-01 3.751479873346579702e-02 1.036316380844702456e+00 5.277257248370267328e-01 -2.266861658638512009e-02 8.491122971476119385e-01 8.037689140104565411e+01
8.495417097845843202e-01 3.731404453296450346e-02 -5.262001001680577383e-01 -1.862220774491281361e+01 -1.767529880582906568e-02 9.989485424671949998e-01 4.230122119740071379e-02 1.053895859167116145e+00 5.272252527605325589e-01 -2.663590777988810235e-02 8.493079896411750429e-01 8.100806587685403315e+01
8.497174771659848913e-01 3.882892784649307621e-02 -5.258065455668677890e-01 -1.903087194232566404e+01 -1.902933817897068530e-02 9.988932807119562662e-01 4.301276597680122465e-02 1.075039431964951664e+00 5.268947649077014850e-01 -2.654294841943016445e-02 8.495159672437369025e-01 8.163066807065227692e+01
8.491684063184794518e-01 3.779181352436052771e-02 -5.267682569603742149e-01 -1.943406585997700731e+01 -1.990335667428973915e-02 9.990178640704897584e-01 3.958741796495660742e-02 1.095386283340366473e+00 5.277469792463314047e-01 -2.313192812058950318e-02 8.490865914603743514e-01 8.226575914017466573e+01
8.486214442479244058e-01 3.549770308147121717e-02 -5.278082582136278678e-01 -1.983771428120662250e+01 -2.047412695981782466e-02 9.992024406959906235e-01 3.428254121864825199e-02 1.114549148685435087e+00 5.286042512956153905e-01 -1.828648635235213815e-02 8.486714027991562048e-01 8.290219706989746840e+01
8.476648911286055466e-01 3.240028961107770111e-02 -5.295417392246286603e-01 -2.024459361519705425e+01 -2.039208115037534352e-02 9.993856174670210368e-01 2.850527365975106045e-02 1.134887971771737059e+00 5.301399771515855619e-01 -1.336446157460444324e-02 8.478048099607230492e-01 8.355435193828289187e+01
8.469067456615086975e-01 3.259302797572718319e-02 -5.307416119736637627e-01 -2.069250325129328516e+01 -2.179017037243905983e-02 9.994085500304700220e-01 2.660335695233271777e-02 1.149708987847513297e+00 5.312947888208301439e-01 -1.096561231152247406e-02 8.471160503251389251e-01 8.422963098095831924e+01
8.454164029539724678e-01 3.837359459589084754e-02 -5.327274846055473079e-01 -2.111915504928600029e+01 -2.713783030957088102e-02 9.992135930099701469e-01 2.890905931008721716e-02 1.171225704342237828e+00 5.334178885099871703e-01 -9.983124856247084858e-03 8.457929376837168833e-01 8.490163478712878486e+01
8.439873347227158096e-01 4.426886212917729296e-02 -5.345331109233847355e-01 -2.156237307650159352e+01 -3.069676031483455775e-02 9.989413423826045690e-01 3.426227349451615306e-02 1.197299901108182407e+00 5.354839752353174331e-01 -1.250849010181940245e-02 8.444527517520178383e-01 8.556897214099500104e+01
8.424082761089184412e-01 4.784083140608646340e-02 -5.367117952808301284e-01 -2.200224420591218433e+01 -3.175108460356700774e-02 9.987272816553525168e-01 3.918782341246723061e-02 1.212408953632474917e+00 5.379034903862357497e-01 -1.597096514566324899e-02 8.428551259277131669e-01 8.625537828912464988e+01
8.412547235778100596e-01 4.834279338083181943e-02 -5.384732717472221486e-01 -2.246821949065644120e+01 -3.245813712661435591e-02 9.987137464451439905e-01 3.895281755886267211e-02 1.240966771789496326e+00 5.396637465980925752e-01 -1.529140247466985111e-02 8.417417737157090185e-01 8.696306084869397068e+01
8.398356388439301989e-01 4.830645207522771267e-02 -5.406871428243033018e-01 -2.293129342468445486e+01 -3.403147006300608068e-02 9.987587130195137997e-01 3.637158524115453179e-02 1.262569946458406811e+00 5.417729771527520777e-01 -1.214577521229388141e-02 8.404371013773347387e-01 8.767323507941632954e+01
8.387654637800839863e-01 4.723403386922216118e-02 -5.424402665863026218e-01 -2.339280155989478160e+01 -3.496727608172319618e-02 9.988465366098178144e-01 3.290723181910132356e-02 1.297619562897985190e+00 5.433689228997212739e-01 -8.633790998900452499e-03 8.394496240274246235e-01 8.835771747535768839e+01
8.372631362729876514e-01 4.762117344306805722e-02 -5.447225573429312906e-01 -2.387692428723499205e+01 -3.648805535571541386e-02 9.988457350342699881e-01 3.123810846077110931e-02 1.322500487295420468e+00 5.455813985599919924e-01 -6.278649835265195413e-03 8.380343167803869786e-01 8.906552055201859730e+01
8.358276254277695605e-01 4.494154506612722810e-02 -5.471493745759404836e-01 -2.434404352900700630e+01 -3.370352140709353267e-02 9.989643319918231068e-01 3.056691107868194160e-02 1.342402614402013361e+00 5.479564336847737582e-01 -7.107808044658429046e-03 8.364766738219693298e-01 8.978831046329932519e+01
8.337448296584787366e-01 4.163827793702182950e-02 -5.505777082557837820e-01 -2.482205082857284850e+01 -3.034854477813158161e-02 9.991009557200710711e-01 2.960145450970357722e-02 1.359555624046359323e+00 5.513152681067360339e-01 -7.970827414994260951e-03 8.342589172809117271e-01 9.054110227652685694e+01
8.320042996907014432e-01 3.843584174838576145e-02 -5.534361131741184492e-01 -2.530765826779362726e+01 -2.783120727965783178e-02 9.992327419840606462e-01 2.755632864465496976e-02 1.376552538967465766e+00 5.540706355669284822e-01 -7.524188734245877870e-03 8.324356536011370267e-01 9.127693149895989677e+01
8.301875397932634293e-01 3.500106445364765256e-02 -5.563843763614481075e-01 -2.580798288621884140e+01 -2.567828247559371044e-02 9.993686767245232305e-01 2.455348836680343663e-02 1.393748241758826278e+00 5.568925161834287207e-01 -6.097004919362708844e-03 8.305621902963701286e-01 9.202190791096508349e+01
8.280337415639057452e-01 3.470462499966724818e-02 -5.596031735393471873e-01 -2.631636867269031654e+01 -2.624285617503700069e-02 9.993875659190193383e-01 2.314747472692752980e-02 1.407642020899116941e+00 5.600637779141349748e-01 -4.481304507606349505e-03 8.284373739628467792e-01 9.276204000284954532e+01
8.259715630650120710e-01 3.428341074743943701e-02 -5.626683079359102724e-01 -2.684246364768199911e+01 -2.619151161735274250e-02 9.994049173242999240e-01 2.244584476483083013e-02 1.420391736257987203e+00 5.631029938893391540e-01 -3.802495960702292812e-03 8.263779760480870484e-01 9.350584198700522620e+01
8.235548296666113099e-01 3.412387827892580244e-02 -5.662093283088870388e-01 -2.737350644486597773e+01 -2.588673260265348872e-02 9.994098525561093682e-01 2.257927565122349461e-02 1.432919387865374317e+00 5.666456737750282802e-01 -3.937962033878588883e-03 8.239521666013537304e-01 9.426591611020221251e+01
8.217645117394362098e-01 3.497621799560654554e-02 -5.687528034395673560e-01 -2.792074782166641356e+01 -2.663585275529170571e-02 9.993811860573632577e-01 2.297338248007899791e-02 1.461625272749652371e+00 5.692043733086060708e-01 -3.729494510169712763e-03 8.221876137944775786e-01 9.502492565145107051e+01
8.206878039533217484e-01 3.671776221241353916e-02 -5.701958736963852470e-01 -2.847075328786342396e+01 -2.855431890854710081e-02 9.993217479913528711e-01 2.325284634567793135e-02 1.468490991319458816e+00 5.706629296826120079e-01 -2.801772585234173739e-03 8.211796214936415428e-01 9.578078974730649975e+01
8.202104233835302294e-01 3.691252479198572217e-02 -5.708697985412161113e-01 -2.903143743295794010e+01 -3.015190071767952576e-02 9.993184684405481688e-01 2.129463586793195820e-02 1.487082343977331522e+00 5.712667715315850048e-01 -2.532728126980690760e-04 8.207644068773717327e-01 9.656242475400527780e+01
8.203438363254448307e-01 3.698127822260757064e-02 -5.706736153563360947e-01 -2.958695205115067139e+01 -3.247422350572065630e-02 9.993090964321319492e-01 1.807635460196491128e-02 1.498689895652115078e+00 5.709478216181853583e-01 3.703356452944375245e-03 8.209779961365790690e-01 9.734599359018794473e+01
8.206380959399784958e-01 3.842197843962522064e-02 -5.701551254393746326e-01 -3.015021289261065363e+01 -3.482405152260079767e-02 9.992451853743398171e-01 1.721467228127731078e-02 1.515996337564645469e+00 5.703861857790357703e-01 5.728095581037630224e-03 8.213566752595728993e-01 9.813533379235460075e+01
8.211906858855401170e-01 3.973439038352915426e-02 -5.692688605884591579e-01 -3.070848018346493191e+01 -3.486925943002381484e-02 9.992027308144199038e-01 1.944318594796306393e-02 1.519780801649706525e+00 5.695875632083591267e-01 3.883420380885218171e-03 8.219214846227773652e-01 9.894576246682757414e+01
8.219344545590608897e-01 4.061143981202904041e-02 -5.681324347061077473e-01 -3.127146765807484741e+01 -3.510563195620907545e-02 9.991705584679232421e-01 2.063467217702160891e-02 1.523465737600510517e+00 5.684992058162022799e-01 2.984300134352374772e-03 8.226783982450597277e-01 9.976107882911605884e+01
8.231753866236638517e-01 3.903162640013273926e-02 -5.664440087047779571e-01 -3.186681829868519955e+01 -3.472213585938670882e-02 9.992277219195645488e-01 1.839383127026842160e-02 1.538437846060300318e+00 5.667244975632711457e-01 4.526796659589343678e-03 8.238949277509008962e-01 1.005834335912015263e+02
8.242806233431227980e-01 3.516627221664524877e-02 -5.650883004269812160e-01 -3.243074997099271428e+01 -3.219600333476180937e-02 9.993655545657049721e-01 1.522845090114100831e-02 1.548957437273269289e+00 5.652653105846308090e-01 5.641067803639385550e-03 8.248898756826255063e-01 1.013879866304249049e+02
8.245254282956525627e-01 3.277438848421903445e-02 -5.648749043402021552e-01 -3.298575374347985445e+01 -3.038204183542675407e-02 9.994452738752928056e-01 1.364096998937160306e-02 1.553032784476533035e+00 5.650086279233079711e-01 5.914726352592009767e-03 8.250637953421520177e-01 1.022154496012546048e+02
8.255180027198111281e-01 2.940812458493506643e-02 -5.636090749747444395e-01 -3.355988803673487553e+01 -2.850759471833887171e-02 9.995394814401591388e-01 1.039913870050314382e-02 1.554326935529992015e+00 5.636553417017057255e-01 7.482462878912305403e-03 8.259761912551720764e-01 1.030371903999453451e+02
8.263031861362397645e-01 2.306060100309736960e-02 -5.627532792107665660e-01 -3.412562608040407497e+01 -2.346874886177258840e-02 9.997033987541787958e-01 6.506331240097859743e-03 1.546196142380758864e+00 5.627364057957860988e-01 7.830913147185930220e-03 8.265993070353514494e-01 1.038645173181282644e+02
8.268882646284945181e-01 2.548338413667666433e-02 -5.617885678372386282e-01 -3.473969771583265498e+01 -2.731870845924481983e-02 9.996135923219228170e-01 5.133635493383147813e-03 1.550354273481979961e+00 5.617023108264674880e-01 1.110239515612345372e-02 8.272649217959174850e-01 1.047178720727522574e+02
