9.999998494462735144e-01 -3.961846098535864676e-04 3.796645693395104756e-04 -1.015195343643426895e-02 3.960350580147016975e-04 9.999998439997226374e-01 3.938994328327152165e-04 -1.316939480602741241e-03 -3.798205670048507374e-04 -3.937490130499432203e-04 9.999998503490145074e-01 3.171438872814178467e-01
9.999992379860623837e-01 6.208676610185864288e-04 1.067028885300174128e-03 -3.691839114640387692e-02 -6.216387552507759680e-04 9.999995457968937629e-01 7.224757880826000300e-04 -6.745879508574499986e-03 -1.066579838799650405e-03 -7.231385440540544262e-04 9.999991697387020650e-01 5.712504392804567122e-01
9.999977814688015831e-01 3.096820937454370661e-04 2.083543730199376859e-03 -6.249211755471860419e-02 -3.106237651555248747e-04 9.999998497633718619e-01 4.516482152632497402e-04 -6.819785651597085399e-03 -2.083403549809853192e-03 -4.522944114659340820e-04 9.999977274271246719e-01 8.100219396807653016e-01
9.999961744441295819e-01 4.682340465229216267e-04 2.726142693157557802e-03 -8.582854914974455407e-02 -4.682330075861398065e-04 9.999998903783997584e-01 -1.019337598946520292e-06 6.961465408545312178e-04 -2.726142871602002353e-03 -2.571362929125047635e-07 9.999962840655846064e-01 1.057757692983777753e+00
9.999935595960505186e-01 -5.964472078465389744e-04 3.539070096522553468e-03 -8.626296970731558988e-02 5.954639808502637088e-04 9.999997838276440953e-01 2.788679123425004554e-04 1.422548250547585671e-02 -3.539235661461107626e-03 -2.767587275523129332e-04 9.999936985879157580e-01 1.263747348390489522e+00
9.999950079296477945e-01 -1.815556572778149851e-03 2.586091667845349332e-03 -9.164615700736601644e-02 1.815341894589955329e-03 9.999983486225874074e-01 8.535750541041949187e-05 2.147723297338706774e-02 -2.586242368611965919e-03 -8.066243875185760736e-05 9.999966524163876880e-01 1.640713798334349161e+00
9.999943046122400370e-01 -2.010609345371866530e-03 2.710755087162244892e-03 -9.482246082789419495e-02 2.010201923603233912e-03 9.999979678353340118e-01 1.530144721515368168e-04 2.592952142002196217e-02 -2.711057230789223893e-03 -1.475644355841541260e-04 9.999963141899217423e-01 1.905530398931445379e+00
9.999952746015804417e-01 -2.213579211399490602e-03 2.133270162075191854e-03 -8.314897718231094303e-02 2.212690338652394985e-03 9.999974642415103698e-01 4.189415406145693185e-04 3.424556904571104260e-02 -2.134192112902364141e-03 -4.142192946715160962e-04 9.999976368204083199e-01 2.169004240272503381e+00
9.999924075639555765e-01 -2.003154211937945104e-03 3.342482258250804774e-03 -1.269675389482066152e-01 2.002167298348300501e-03 9.999979510848513442e-01 2.985836712620432349e-04 4.428748676190687183e-02 -3.343073518926977135e-03 -2.918891956118360655e-04 9.999943693142199219e-01 2.311324953213906852e+00
9.999886077746107382e-01 -2.512898987906735538e-03 4.058282847706562793e-03 -1.412135680061919474e-01 2.511990968139638306e-03 9.999968187648358153e-01 2.288265373818434317e-04 6.944683301890694493e-02 -4.058844955328655413e-03 -2.186295606787595476e-04 9.999917389552495095e-01 2.510200641903796104e+00
9.999865511626049308e-01 -3.545255833052102321e-03 3.785320989924771066e-03 -1.416619992035000608e-01 3.544538916684453894e-03 9.999936988772869517e-01 1.960856701718876878e-04 9.153934604709493272e-02 -3.785992312018660651e-03 -1.826658154866630471e-04 9.999928164219048510e-01 2.751194551057394300e+00
9.999797702088079054e-01 -3.589725414563873455e-03 5.251004150362680728e-03 -1.567981135542717563e-01 3.585241077741802441e-03 9.999932004774418903e-01 8.631600645752162369e-04 9.008815755071483689e-02 -5.254066953662150062e-03 -8.443164872480717629e-04 9.999858408548173427e-01 2.840019544772595328e+00
9.999787281547388718e-01 -4.620662521650012455e-03 4.603554701658132790e-03 -1.032059927575001285e-01 4.615464705965429890e-03 9.999886999361471407e-01 1.139072237414387933e-03 9.789066535244654588e-02 -4.608765949592925903e-03 -1.117800462998528362e-03 9.999887548360467671e-01 3.028034788443771053e+00
9.999839935565227877e-01 -4.327903697238516187e-03 3.644431414476646640e-03 -8.271435844504629320e-02 4.328744598643585913e-03 9.999906061033150273e-01 -2.228796174605681541e-04 1.507042061826032731e-01 -3.643432577544016785e-03 2.386518627511127278e-04 9.999933341999543979e-01 3.288428149740324269e+00
9.999794611450599779e-01 -2.771699187978138128e-03 5.778838260942277885e-03 -1.734938904718728858e-01 2.777618620939410494e-03 9.999956257155985240e-01 -1.016555195110314122e-03 1.572179558038541425e-01 -5.775995397451392892e-03 1.032585724991615063e-03 9.999827856737781850e-01 3.410295891753481357e+00
9.999936245878819907e-01 -2.936644770732127398e-03 2.031477560802297678e-03 -2.134796128985211872e-01 2.938710418475825367e-03 9.999951672887233967e-01 -1.014583793468593672e-03 1.174766213317941371e-01 -2.028488271066221284e-03 1.020547249351613046e-03 9.999974218559997130e-01 3.903127317136356744e+00
9.999937941780636663e-01 -2.230807182887311647e-03 2.726738834717386175e-03 -2.125597493947232186e-01 2.234808154331032783e-03 9.999964294849559288e-01 -1.465144993717607588e-03 1.381301131644278868e-01 -2.723460642879398184e-03 1.471229639471224784e-03 9.999952091112612740e-01 4.028855694745525184e+00
9.999891655511401467e-01 -3.462344225530953300e-03 3.111422953906417804e-03 -2.096534114410376903e-01 3.464929057103835388e-03 9.999936561822044823e-01 -8.257493420806444892e-04 1.365595051827627748e-01 -3.108544187139824014e-03 8.365212553435578307e-04 9.999948185791897037e-01 4.125344606664578251e+00
9.999879113187842838e-01 -3.950675297346742561e-03 2.927350506837521609e-03 -1.748083657304832506e-01 3.953194643657976029e-03 9.999918202914491738e-01 -8.553375374989789868e-04 1.564985609978828129e-01 -2.923947401083259144e-03 8.668995839398969472e-04 9.999953494975402091e-01 4.372863953810921522e+00
9.999897787557648909e-01 -2.747138357029626880e-03 3.591046483086234725e-03 -1.726356589407130881e-01 2.754236603391192664e-03 9.999942603095872684e-01 -1.973202628711874518e-03 1.799414360667029311e-01 -3.585605210963638007e-03 1.983073051794077835e-03 9.999916053930367754e-01 4.489881585451866108e+00
9.999806820892543913e-01 -3.919441747736862082e-03 4.824253796779914318e-03 -1.833979044207765530e-01 3.925562565485772419e-03 9.999915012124208635e-01 -1.259945027880703334e-03 1.855600574827593885e-01 -4.819274515329538718e-03 1.278858598486153119e-03 9.999875694796569459e-01 4.571761331567144815e+00
9.999687747813051919e-01 -4.583612194065888289e-03 6.437387795536457166e-03 -2.141716695503429746e-01 4.587959773188735220e-03 9.999892569537164322e-01 -6.607588619196913321e-04 1.734475402300984792e-01 -6.434289976004592404e-03 6.902727058300611946e-04 9.999790614988381954e-01 4.501474323335259875e+00
9.999285754408646643e-01 -5.517922418935942985e-03 1.060172386840409729e-02 -2.798299004013621305e-01 5.511773824967435703e-03 9.999846245596696326e-01 6.090924058446703588e-04 1.525206981079928192e-01 -1.060492178687277333e-02 -5.506145975707079200e-04 9.999436146390756619e-01 4.349617579019172453e+00
9.999284533874769343e-01 -5.418298707626051716e-03 1.066443365788973321e-02 -2.660211539116522639e-01 5.414725553822871684e-03 9.999852740541677054e-01 3.638983208595857315e-04 1.656645419591890045e-01 -1.066624832381897481e-02 -3.061273037230009104e-04 9.999430670957070166e-01 4.398097980693565390e+00
9.999213747755548720e-01 -4.736197916903258330e-03 1.161088697113430400e-02 -2.592273254163027230e-01 4.725844613197837003e-03 9.999884108818697381e-01 9.189638972634207523e-04 1.722893467652090727e-01 -1.161510480608952782e-02 -8.640203958737574519e-04 9.999321691040348181e-01 4.484549448990081011e+00
9.999174742976036923e-01 -5.377868345317758821e-03 1.166718159461910438e-02 -2.240877924756961015e-01 5.359942686772267012e-03 9.999844074177454134e-01 1.567142550898961099e-03 1.842797581423696873e-01 -1.167542755944749218e-02 -1.504477796695870674e-03 9.999307080682462434e-01 4.681292633857109919e+00
9.999073013790448217e-01 -4.140700378436250849e-03 1.297086154627103728e-02 -2.435005357632513412e-01 4.126776908938062371e-03 9.999908797887792078e-01 1.100023457476880049e-03 1.717593369335557174e-01 -1.297529811682068650e-02 -1.046393634901169678e-03 9.999152697599638095e-01 4.671512815961237131e+00
9.999160158653948027e-01 -4.139385268568617632e-03 1.228115244895949289e-02 -2.266733333115572291e-01 4.121431186519463122e-03 9.999904014642904126e-01 1.486870627106412317e-03 1.557736153271028212e-01 -1.228718929824927295e-02 -1.436129828853983459e-03 9.999234783273489580e-01 4.806521767465941508e+00
9.999962487851848936e-01 1.083966448000051562e-03 -2.515438788521119108e-03 -1.021714894863339357e-01 -1.088671510443248256e-03 9.999976592080283000e-01 -1.869859033708708975e-03 7.299576855600808933e-02 2.513406035947166831e-03 1.872590506011126378e-03 9.999950880853845092e-01 8.137421507633725071e+00
9.999928770722851246e-01 1.832537324183165306e-03 -3.299638108892811138e-03 -1.196640444064379083e-01 -1.840989173287042174e-03 9.999950279667363384e-01 -2.560234495061027103e-03 5.369197683021394163e-02 3.294929977711514441e-03 2.566290856730023013e-03 9.999912787558106197e-01 8.545958976853915701e+00
9.999964656951804143e-01 1.014219429098191455e-03 -2.457632213733163071e-03 -1.781311307932551824e-01 -1.018723047391435852e-03 9.999978030888265756e-01 -1.831944560421389914e-03 2.760690501777331510e-02 2.455768820767281931e-03 1.834441732349042110e-03 9.999953020004794801e-01 8.786645325206205115e+00
9.999987515314650022e-01 1.580045634160795248e-03 1.978144319763074132e-05 -2.391177818832435076e-01 -1.579986420942804939e-03 9.999951018206520992e-01 -2.701847074247686400e-03 9.910661203279402809e-02 -2.405038797841104769e-05 2.701812446664989334e-03 9.999963498088791924e-01 8.695622036458715343e+00
9.999930657270073020e-01 3.039488866740504367e-03 2.151744717684085911e-03 -2.632671984579914581e-01 -3.033951887026193825e-03 9.999920903162367036e-01 -2.571855538308753970e-03 1.008389625661390288e-01 -2.159544824339386035e-03 2.565309414413738560e-03 9.999943777610753592e-01 8.603337134401812136e+00
9.999874697806654389e-01 2.608016746256474477e-03 4.273000153714661548e-03 -2.443441680100695013e-01 -2.594713842489034927e-03 9.999917794726085329e-01 -3.115838134552764878e-03 9.851078138667775097e-02 -4.281091185433395091e-03 3.104711879769728872e-03 9.999860164134326546e-01 8.441931999656308250e+00
9.999823273374479626e-01 2.712498171533320353e-03 5.290308729187366381e-03 -1.933048886374162945e-01 -2.694735482302877943e-03 9.999907181960436819e-01 -3.361833196407339446e-03 9.600034190081632723e-02 -5.299378591977131799e-03 3.347517801218827770e-03 9.999803551625950915e-01 8.281332954608133790e+00
9.999837567485061474e-01 1.346368241637816441e-03 5.538369047112448942e-03 -1.783969940667719800e-01 -1.329859835959811649e-03 9.999946655704553544e-01 -2.983337635807768382e-03 8.725845089314664127e-02 -5.542356174119913818e-03 2.975923922151783429e-03 9.999802128866597251e-01 8.278942908410119372e+00
9.999753647579830984e-01 3.064786220317431732e-03 6.314820865401364787e-03 -1.724848382065061470e-01 -3.039269743689790564e-03 9.999871947808370853e-01 -4.046370444819736255e-03 9.092561768714146897e-02 -6.327141263117797183e-03 4.027078317511505710e-03 9.999718745663108699e-01 8.279115727993362484e+00
9.999568463735492019e-01 4.578454718093532584e-03 8.083510565365091896e-03 -2.293266330495341287e-01 -4.540291686073848025e-03 9.999784912797771153e-01 -4.733152144741402910e-03 9.696190068647245197e-02 -8.105007222166475331e-03 4.696246396247599243e-03 9.999561261013979463e-01 8.435305994929771956e+00
9.999678027704449468e-01 4.561844279439751515e-03 6.601742135131501328e-03 -2.197629407150854530e-01 -4.530103633054448006e-03 9.999781471482834805e-01 -4.814912975188618410e-03 8.258199506597424522e-02 -6.623562751451422294e-03 4.784851372299422749e-03 9.999666162496742006e-01 8.612968493406761183e+00
9.999530267589482602e-01 5.931043567733242788e-03 -7.665963593434800029e-03 3.667086013593052196e-01 -5.999990666767900625e-03 9.999414763936760320e-01 -9.002438538151765965e-03 1.734730800277548557e-01 7.612121098413749710e-03 9.048011374448657745e-03 9.999300921077191040e-01 1.035747320833162810e+01
9.999089326311750847e-01 5.956707985187366904e-03 -1.210966863144026344e-02 6.231162300636229334e-01 -6.084466035153035177e-03 9.999259330497031195e-01 -1.054076314821763768e-02 2.438541149482032488e-01 1.204598345720067631e-02 1.061348409613728679e-02 9.998711158133785082e-01 1.074413515806148922e+01
9.998939943354443471e-01 5.230586343790043918e-03 -1.358826914696733071e-02 7.308017882851833846e-01 -5.374293437146773246e-03 9.999297894995974323e-01 -1.056092047794256021e-02 2.729711007531258615e-01 1.353207530136114542e-02 1.063282830624771511e-02 9.998519019836132893e-01 1.092980334388491137e+01
9.999088861742805312e-01 5.991832148401186192e-03 -1.209616869983593315e-02 6.632331363292700566e-01 -6.120357641922720589e-03 9.999249138329513453e-01 -1.061639856538800809e-02 2.898257145423832060e-01 1.203164876666796071e-02 1.068946414323939005e-02 9.998704790042992618e-01 1.085916871768367109e+01
9.999326495441981377e-01 5.654996497422247297e-03 -1.013495881263846814e-02 4.529722536001861144e-01 -5.763170425883190444e-03 9.999264005140438005e-01 -1.067611453992895615e-02 2.512336604485022051e-01 1.007383949455029591e-02 1.073380499364505122e-02 9.998916457237740918e-01 1.121913714694878728e+01
9.999385246531588001e-01 6.923919585418380172e-03 -8.660614991932946011e-03 2.076221028017261327e-01 -7.020326874939403390e-03 9.999131783215375879e-01 -1.115127030832705098e-02 1.856688850497125731e-01 8.582652563912709573e-03 1.121138512829850803e-02 9.999003164908354391e-01 1.159857424493873346e+01
9.999598987034475917e-01 7.515142905126484009e-03 -4.870689079173555827e-03 -1.016901752225402855e-01 -7.576835926501105517e-03 9.998897024196005123e-01 -1.277397951247490407e-02 2.175729725490235800e-01 4.774153572449833793e-03 1.281037167133623235e-02 9.999065465508812922e-01 1.170447238340424434e+01
9.999586659139080291e-01 7.810812212421115730e-03 -4.653780856355697014e-03 -1.087102726841141370e-01 -7.867917393673793530e-03 9.998923922162372691e-01 -1.238143222636685185e-02 2.033083068815643435e-01 4.556571031270652446e-03 1.241753601452734619e-02 9.999125174032804653e-01 1.179674757419549103e+01
9.999576158458244324e-01 7.486081016542599220e-03 -5.359580482438942167e-03 -1.163267820224900412e-01 -7.547515860976546434e-03 9.999049772636822153e-01 -1.153565982694411234e-02 1.833929381088371113e-01 5.272714316392202762e-03 1.157562241645889063e-02 9.999190984521748593e-01 1.198412226410081161e+01
9.999530886486763803e-01 7.989603726607516845e-03 -5.476014450639793245e-03 -1.054169702355445271e-01 -8.054291810919676775e-03 9.998968189373799165e-01 -1.189453077395949410e-02 1.708932493648801232e-01 5.380416842251974606e-03 1.193807820379380429e-02 9.999142630262879416e-01 1.210521060993779052e+01
9.999538575307407307e-01 8.223157670709718703e-03 -4.966134041014044244e-03 -9.705209521823084107e-02 -8.283736698164989240e-03 9.998899943616821329e-01 -1.230361254715654426e-02 1.818629782528633221e-01 4.864413192374295036e-03 1.234418297489637412e-02 9.999119754413269279e-01 1.225172969538369117e+01
9.999395108002839816e-01 1.027424850644950531e-02 -3.926137811661137289e-03 -8.794392707115650243e-02 -1.032292957663463913e-02 9.998674943195305920e-01 -1.258693481904743852e-02 1.701833773662743687e-01 3.796296279833406232e-03 1.262670268957130637e-02 9.999130734787626817e-01 1.241841535875915525e+01
9.999149324184752885e-01 1.785620357165578712e-03 -1.292050643341411884e-02 -4.692426372032501569e-03 -1.987655786087737502e-03 9.998756980698657593e-01 -1.564089619473333498e-02 4.174989827161786904e-01 1.289097168687650292e-02 1.566524718089274196e-02 9.997941902610407716e-01 1.365418764287685249e+01
9.999048891769726222e-01 1.339394602275148635e-03 -1.372656628897298524e-02 1.650315392505491939e-03 -1.558101900220045530e-03 9.998718182022194867e-01 -1.593485122164718312e-02 4.121450622960298737e-01 1.370346373931437788e-02 1.595472303385102666e-02 9.997788064839436828e-01 1.415062099826018915e+01
9.999105920320816576e-01 1.148507491981667645e-03 -1.332249498378750181e-02 -1.641154640675270004e-02 -1.364660713849721483e-03 9.998674030590254391e-01 -1.622695292210140847e-02 3.936653877811893132e-01 1.330209168470343484e-02 1.624368278872997950e-02 9.997795742693843524e-01 1.459059872343642716e+01
9.999143304336316485e-01 2.012829373139483555e-03 -1.293368900882057616e-02 -5.752273232143034071e-02 -2.212743273519270255e-03 9.998780206811346272e-01 -1.546116185742594379e-02 3.647348812031958043e-01 1.290099068551537297e-02 1.548845623975013581e-02 9.997968154393381823e-01 1.494236747427744483e+01
9.999198137261284813e-01 2.705710568621420842e-03 -1.237114579267034782e-02 -1.074872909769091223e-01 -2.900343930451628610e-03 9.998718794006339339e-01 -1.574207066839555455e-02 3.479508087107703318e-01 1.232696730707708022e-02 1.577668894801815061e-02 9.997995508915015206e-01 1.531674792165245336e+01
9.998862442543530182e-01 3.328119055615576857e-03 -1.471129411289875608e-02 1.039078144887387867e-01 -3.543510705387717136e-03 9.998865577375399827e-01 -1.463950776677172029e-02 2.828027032736856183e-01 1.466090320564744989e-02 1.468997206682898238e-02 9.997846081221049008e-01 1.624781346786927116e+01
9.998899094395691245e-01 2.990444343283369701e-03 -1.453362458439977876e-02 7.369629790716045181e-02 -3.208848326765002465e-03 9.998819320547508438e-01 -1.502748291877761301e-02 2.649705415467160097e-01 1.448696977791982983e-02 1.507246473169071392e-02 9.997814503748136961e-01 1.677706308437335991e+01
9.998959483185708708e-01 4.720049592975496429e-03 -1.363134872071857483e-02 2.738036255158323579e-02 -4.931691577659483815e-03 9.998671704876397337e-01 -1.553447132101751747e-02 2.634803462944863006e-01 1.355621460027933191e-02 1.560008054083457385e-02 9.997864104561688947e-01 1.715937450053123925e+01
9.999048179701076622e-01 3.588909003651141825e-03 -1.332196428193573902e-02 3.115100638522001752e-03 -3.782420682481084113e-03 9.998872929170604662e-01 -1.452910034285791359e-02 2.772469208952630382e-01 1.326831918316706549e-02 1.457810670682605295e-02 9.998056963785004747e-01 1.758252300574602600e+01
9.999244951350902966e-01 3.391488382577646440e-03 -1.181108950882267701e-02 -6.744465432507840141e-02 -3.573185912596249861e-03 9.998750797033681970e-01 -1.539666621761782116e-02 3.202120519013437749e-01 1.175739644941021546e-02 1.543770691306035371e-02 9.998117026890603887e-01 1.797729073656605792e+01
9.999243750904515116e-01 3.751663903622894092e-03 -1.171192204225954443e-02 -1.370964863692094582e-01 -3.933764064542566788e-03 9.998711330316678580e-01 -1.556415208911353376e-02 3.159921558933914687e-01 1.165202129478939454e-02 1.560904698957617763e-02 9.998102760283188450e-01 1.852534461467877946e+01
9.999252015386007608e-01 2.532422252793176034e-03 -1.196570789891594939e-02 -1.593218465755318614e-01 -2.691337445176816227e-03 9.999081484351804994e-01 -1.328350088211151594e-02 2.842782037051668764e-01 1.193096939669240596e-02 1.331471105440995388e-02 9.998401724469730967e-01 1.908062679623909119e+01
9.999397130492875263e-01 2.594521174315985498e-03 -1.066952326884128451e-02 -2.291354726291128796e-01 -2.723181347217309457e-03 9.999235449076252502e-01 -1.206186646909962988e-02 3.083715016606337622e-01 1.063741276149832160e-02 1.209019434269973173e-02 9.998703279178242642e-01 1.964423428357298107e+01
9.999460213214335091e-01 3.445672495214765780e-03 -9.802131629942161320e-03 -2.749394496559897649e-01 -3.544383023439298588e-03 9.999430062546325049e-01 -1.007082873605424575e-02 2.911512582539317884e-01 9.766872192168147074e-03 1.010502763496970262e-02 9.999012434356097101e-01 2.011115268620038776e+01
9.999438695482346651e-01 3.025762716050836229e-03 -1.015394075663864949e-02 -3.304536929150360125e-01 -3.112453797141395261e-03 9.999587514292651580e-01 -8.532764580451308520e-03 2.917913482499838729e-01 1.012770380016274514e-02 8.563889303984561358e-03 9.999120408394557291e-01 2.067263219436223309e+01
9.999450976377438627e-01 4.018390768823995075e-03 -9.677512380367474590e-03 -3.477285094777557983e-01 -4.090661316328307942e-03 9.999638089887016301e-01 -7.459705275812990137e-03 2.821494667467485673e-01 9.647186130589104069e-03 7.498883145904282170e-03 9.999253464890897058e-01 2.100392319919657780e+01
9.999753416457254351e-01 2.888121165986310638e-03 -6.401160570203141137e-03 -7.060202263995383198e-01 -2.934052221571111212e-03 9.999699356111126924e-01 -7.177688448782442408e-03 2.923844446294333599e-01 6.380238089290646807e-03 7.196292798189448531e-03 9.999537518964999316e-01 2.291916461226127666e+01
9.999770536469121396e-01 3.241674104963339614e-03 -5.948422365459312203e-03 -8.087477773754474519e-01 -3.286028527272822491e-03 9.999667601792522342e-01 -7.461940305811456259e-03 2.988414052445427238e-01 5.924035462304022559e-03 7.481315767079657272e-03 9.999544668224823463e-01 2.360748413724962802e+01
9.999788114359025037e-01 2.312348235884817849e-03 -6.085205409513024834e-03 -8.524846104828603943e-01 -2.356023283217419627e-03 9.999714487102205895e-01 -7.179896842677098087e-03 2.953620401321490618e-01 6.068429247252013319e-03 7.194081596600618474e-03 9.999557086973667186e-01 2.410600739647761870e+01
9.999488715618116697e-01 -1.712004809057665307e-03 -9.966107655128219125e-03 -7.874306869461770164e-01 1.655812042057199949e-03 9.999827021350607970e-01 -5.643909739145095729e-03 2.847858037518831709e-01 9.975597663359335454e-03 5.627119173787067941e-03 9.999344093394643140e-01 2.443923495070384178e+01
9.999554833617538829e-01 -1.532157167685356406e-03 -9.310412943299536254e-03 -8.353181561411853195e-01 1.484570011550034310e-03 9.999858115090716204e-01 -5.115939055923583376e-03 2.787460555046862298e-01 9.318119265283928213e-03 5.101889351664582947e-03 9.999435700970339402e-01 2.489706975844911696e+01
9.999508906901923844e-01 -1.546676751797799228e-03 -9.788973333103865096e-03 -8.704383938301286650e-01 1.498983608028536764e-03 9.999869809856732905e-01 -4.877592367261590102e-03 2.742954288202796853e-01 9.796389949038990588e-03 4.862679321501171131e-03 9.999401907583188587e-01 2.545379741767559523e+01
9.999591975947152989e-01 -9.538461659383950251e-04 -8.982946244106952000e-03 -9.198373626472319264e-01 9.087249718252531604e-04 9.999869580602702701e-01 -5.025726643209445232e-03 2.647379700844686434e-01 8.987622859153126045e-03 5.017358553901527483e-03 9.999470229709590541e-01 2.592566074681380428e+01
9.999624697937711248e-01 -6.522951117721770189e-04 -8.639069106583527682e-03 -1.047907190408870814e+00 6.007821435030295636e-04 9.999820344526474392e-01 -5.964044999814662427e-03 2.844193230467442768e-01 8.642804218378184050e-03 5.958630969520149409e-03 9.999448968079253097e-01 2.663820295555439799e+01
9.999152946649612073e-01 1.816793812353734551e-03 -1.288808578986832924e-02 -5.782628882605824749e-01 -1.862211746199903852e-03 9.999920958197342502e-01 -3.512899865834518982e-03 1.169739387943188880e-01 1.288160170537530624e-02 3.536602649218361597e-03 9.999107744090000027e-01 2.633992174323366697e+01
9.999163345384420865e-01 1.708142445485222880e-03 -1.282209704346979999e-02 -5.843964867560405008e-01 -1.752084367946416931e-03 9.999926285090070532e-01 -3.416595968818000786e-03 1.075817185025303990e-01 1.281616649290353085e-02 3.438775513533479013e-03 9.999119564738657706e-01 2.672620287326600774e+01
9.999181899917970462e-01 2.554780366373992761e-03 -1.253341217736895705e-02 -6.470414929733085962e-01 -2.607683320360429553e-03 9.999877528965224194e-01 -4.206428968107481237e-03 1.129238239406075706e-01 1.252251217723283558e-02 4.238768010001233745e-03 9.999126059484042539e-01 2.725669766364573121e+01
9.999221135407659888e-01 3.140060188662294628e-03 -1.207919178499889702e-02 -6.864045149820797720e-01 -3.190587919756744228e-03 9.999862320129865312e-01 -4.166045270421033821e-03 1.136056112311891603e-01 1.206594384594546383e-02 4.204260515295566228e-03 9.999183652641980835e-01 2.770231411165553581e+01
9.999220089424444291e-01 3.808547709035599565e-03 -1.189415809772055230e-02 -7.267547685820531234e-01 -3.861874101018280062e-03 9.999825806578062082e-01 -4.463665464760764069e-03 1.123293502138443950e-01 1.187695082643083593e-02 4.509251079881609718e-03 9.999192990905642064e-01 2.816751970681183082e+01
9.999206328744317807e-01 3.611005191776126260e-03 -1.207015300235891875e-02 -7.906172545149868780e-01 -3.665822466223789614e-03 9.999830541312001442e-01 -4.522520987531963681e-03 5.405080235890125789e-02 1.205361761636386184e-02 4.566409086087679092e-03 9.999169256545351603e-01 2.863288064025610424e+01
9.999221917128607862e-01 3.731238853315321184e-03 -1.190329268597850945e-02 -8.150926391926804904e-01 -3.794533234914591793e-03 9.999787595680831309e-01 -5.299238644018285267e-03 5.163738541244183161e-02 1.188326712977908449e-02 5.343993759038125763e-03 9.999151112434625510e-01 2.905651966821795540e+01
9.999193769814160859e-01 4.287184762886245802e-03 -1.195238820928295684e-02 -8.208648544751028231e-01 -4.353594651937343213e-03 9.999752006392351733e-01 -5.535731218868873878e-03 4.416557762040515533e-02 1.192835909516279207e-02 5.587320764893765300e-03 9.999132442847066260e-01 2.944252219190497399e+01
9.999295897911153475e-01 3.167913905059413764e-03 -1.143589881301144105e-02 -8.236660761648689766e-01 -3.234768838187431200e-03 9.999777600089326812e-01 -5.832302982559748120e-03 3.992061567046840953e-02 1.141716824500703040e-02 5.868884818005475415e-03 9.999175988351531874e-01 2.982904160110857816e+01
9.999387656936603586e-01 5.446047088355186749e-03 -9.633557709894817467e-03 -8.547576694547143195e-01 -5.507769314068790105e-03 9.999644020241003073e-01 -6.392117158329538827e-03 -3.694929980340441733e-02 9.598403003701093394e-03 6.444785155009190129e-03 9.999331654686148818e-01 3.028225601005301115e+01
9.999392336867506392e-01 5.887473639566995556e-03 -9.320224680598274136e-03 -8.870487732452113638e-01 -5.945994803012604780e-03 9.999627046860618540e-01 -6.263735525823353051e-03 -4.015621454060843559e-02 9.282999502099341382e-03 6.318772909222039949e-03 9.999369475267757545e-01 3.072998330839390135e+01
9.999347137923795259e-01 6.954260671662851508e-03 -9.066775141263942392e-03 -9.188492550063332986e-01 -7.008754545261293434e-03 9.999574831963382593e-01 -5.992425165851471454e-03 -5.293156821157532499e-02 9.024716764306658229e-03 6.055580744620151640e-03 9.999409404705709159e-01 3.115487676956820096e+01
9.999481714697051604e-01 6.165503983248594652e-03 -8.101909344444392300e-03 -9.434053874127902306e-01 -6.216236241700893658e-03 9.999611373580360452e-01 -6.251574250517032659e-03 -5.976148208171229437e-02 8.063050376899182428e-03 6.301613623105522220e-03 9.999476370712444551e-01 3.156488062470105049e+01
9.999449164625656694e-01 6.106244163326913880e-03 -8.536850876653619830e-03 -9.682373392064896889e-01 -6.159669633480008462e-03 9.999615222677477044e-01 -6.245995034780161236e-03 -6.489715141459588554e-02 8.498382827266020081e-03 6.298235164389332126e-03 9.999440532965510053e-01 3.197940408713246541e+01
9.999595598564168242e-01 4.804045459046813425e-03 -7.602617903622620188e-03 -1.069065425969157435e+00 -4.857467060026178333e-03 9.999635339598829109e-01 -7.023942213772746933e-03 -3.810717431847143732e-02 7.568597328556472652e-03 7.060587630577927661e-03 9.999464307835642662e-01 3.255589641959588931e+01
9.999562011690545926e-01 5.573899496241794399e-03 -7.518469788380778042e-03 -1.080840106366295350e+00 -5.625513646193705704e-03 9.999606366753019948e-01 -6.861391705818749472e-03 -3.561915476568656980e-02 7.479929128640688991e-03 6.903386439276422600e-03 9.999481956161033747e-01 3.299367025943294607e+01
9.999452067109275699e-01 2.360970842217064748e-03 -1.019849952307796265e-02 -1.084489576337144934e+00 -2.426936717837360931e-03 9.999761845876162791e-01 -6.460668367958449440e-03 -2.540364986231961886e-02 1.018300319196814401e-02 6.485065479648383438e-03 9.999271225302959198e-01 3.381899020113120002e+01
9.999469293313161256e-01 2.591916556401861749e-03 -9.970982370673247067e-03 -1.106487646852419404e+00 -2.646997452219447544e-03 9.999812894975701472e-01 -5.514894311272028338e-03 -4.162558503840348145e-02 9.956501662711180617e-03 5.540994797074520577e-03 9.999350806183867624e-01 3.424497071461637887e+01
9.999453480900812874e-01 2.561947735175092861e-03 -1.013593887155784905e-02 -1.121208030609332829e+00 -2.614911485840630458e-03 9.999829800194218743e-01 -5.215544976065859990e-03 -3.880595972324845516e-02 1.012240440443597927e-02 5.241764519546682037e-03 9.999350283062370393e-01 3.467031981046333300e+01
9.999536663077828180e-01 1.359247708133047051e-03 -9.529831230965544325e-03 -1.164484895599875225e+00 -1.410769798436841468e-03 9.999844152108996465e-01 -5.401764886639685154e-03 -4.028209455140159545e-02 9.522340374013610678e-03 5.414959001012861241e-03 9.999399998263991396e-01 3.512648916096116380e+01
9.999732156250420445e-01 8.262911646861664447e-04 -7.272226304489905202e-03 -1.295676844707626785e+00 -8.649245504801588401e-04 9.999855229346361618e-01 -5.310915802754720590e-03 -4.178448794345954176e-02 7.267732661190147610e-03 5.317063480261906977e-03 9.999594536269521550e-01 3.563719561191336993e+01
9.999726816001320850e-01 2.651505240906761734e-03 -6.899679224249487611e-03 -1.359758433884228790e+00 -2.690751146749712983e-03 9.999802199815460702e-01 -5.685024531563343149e-03 -5.591572161428482596e-02 6.884468876126983820e-03 5.703434545574801763e-03 9.999600366628049741e-01 3.608667392138757180e+01
9.999774987169639529e-01 2.180335494612870451e-03 -6.344146664015318585e-03 -1.402288366955115606e+00 -2.217790056809207377e-03 9.999801191895901775e-01 -5.902764846778029220e-03 -6.193903414907547811e-02 6.331150529526497102e-03 5.916702012385925864e-03 9.999624538802791562e-01 3.652193530084193185e+01
9.999814598526716170e-01 1.978106424921170607e-03 -5.759083771815465616e-03 -1.430384126005378675e+00 -2.012365993547020164e-03 9.999802792012374431e-01 -5.949083267421916184e-03 -5.127422186793737652e-02 5.747202278249667097e-03 5.960562354878075689e-03 9.999657200936374890e-01 3.693833224787555025e+01
9.999833923521089796e-01 1.717880241832442281e-03 -5.501264167650139932e-03 -1.449992268125035455e+00 -1.753009230832445423e-03 9.999780652132701508e-01 -6.387178638558227428e-03 -1.822016105868531910e-02 5.490171090609645074e-03 6.396716329411536450e-03 9.999644693895864966e-01 3.734505550540679053e+01
9.999810587719173416e-01 3.039219285410428486e-03 -5.352125141476509439e-03 -1.428543090668382920e+00 -3.070705640055498148e-03 9.999779708519636046e-01 -5.884605140610108844e-03 -3.444859908897224959e-02 5.334122633289091475e-03 5.900928479820195457e-03 9.999683625889419503e-01 3.768997493391987064e+01
9.999873305126065759e-01 1.317598237327173441e-03 -4.858266064731719090e-03 -1.451777195343681770e+00 -1.347238571848167511e-03 9.999804702347330210e-01 -6.102794224964218188e-03 -2.571946507326201142e-02 4.850130153022286922e-03 6.109262149124444416e-03 9.999695761139398842e-01 3.810280928936592915e+01
9.999889795459038222e-01 1.007221943864178938e-04 -4.693681048110343729e-03 -1.600026180963426858e+00 -1.301883967303378933e-04 9.999802849249106451e-01 -6.277962446161507691e-03 2.740131355735330593e-02 4.692956181682181316e-03 6.278504322974984286e-03 9.999692778009451333e-01 3.872042496936494160e+01
9.999929003856513621e-01 7.328477988563652937e-04 -3.696229483689513016e-03 -1.622715465711247917e+00 -7.532831077756393153e-04 9.999844238755023484e-01 -5.530331901325446879e-03 2.231155532449291892e-02 3.692119019198070434e-03 5.533076945334267950e-03 9.999778764136062481e-01 3.904618611528919558e+01
9.999637565043567600e-01 1.034898941890930292e-03 -8.450719606954433527e-03 -1.351336985259151469e+00 -1.083474771048345033e-03 9.999829070747421333e-01 -5.745575756007613444e-03 -1.890605204887434512e-02 8.444629069165371718e-03 5.754523657749085336e-03 9.999477854855007841e-01 3.954718368731437295e+01
9.999565037695752334e-01 6.983953174802487798e-04 -9.300688840503295099e-03 -1.370442797524974221e+00 -7.609451403928821746e-04 9.999771078321139095e-01 -6.723449576982367532e-03 5.008147495719140335e-03 9.295780301871022985e-03 6.730234446245818812e-03 9.999341440379353463e-01 4.009569560338239569e+01
9.999470588405108273e-01 -1.827139682993760483e-04 -1.028815492775988182e-02 -1.353649347383716117e+00 1.207404190998395487e-04 9.999818478017657997e-01 -6.024075756277926831e-03 1.162719360584531930e-02 1.028906885791893398e-02 6.022514638584810544e-03 9.999289296642365210e-01 4.045405434544750278e+01
9.998719056645094527e-01 5.317959006943178378e-03 -1.509607812720751077e-02 -8.402726614103518399e-01 -5.403494592584125872e-03 9.999695468170861634e-01 -5.630957699996747869e-03 -8.650451834785483074e-02 1.506567320136061039e-02 5.711807982741596602e-03 9.998701919452138709e-01 4.151815563006949361e+01
9.998368571296571972e-01 5.429207487310853258e-03 -1.722738607999453261e-02 -7.655331688053322869e-01 -5.535752945843758904e-03 9.999658088614343798e-01 -6.143008010728087838e-03 -8.082443826644344909e-02 1.719344539096349586e-02 6.237372376010207921e-03 9.998327263204739301e-01 4.202941299936428265e+01
9.998054509948018920e-01 6.588171406779821070e-03 -1.859183042618369613e-02 -7.552077339065074169e-01 -6.712824010905208208e-03 9.999553549304001088e-01 -6.650273664762841076e-03 -1.160030267980451391e-01 1.854718724981488376e-02 6.773783546328641415e-03 9.998050398460635035e-01 4.248731526934932390e+01
9.998112381640058555e-01 6.261958348909403733e-03 -1.839227877655720197e-02 -8.242020062031883976e-01 -6.375011654952714331e-03 9.999611068112957968e-01 -6.094595239032214555e-03 -1.448266877406707565e-01 1.835339934064776635e-02 6.210695803606954869e-03 9.998122723743085860e-01 4.289476771270389577e+01
9.997679705100617209e-01 7.202760411347984212e-03 -2.030087152439218751e-02 -8.196796673669715094e-01 -7.314874903763216030e-03 9.999583734262933454e-01 -5.453807824283391295e-03 -1.737714332271494966e-01 2.026074399757952366e-02 5.601040715674007742e-03 9.997790408863184153e-01 4.332352909109147276e+01
9.997871111070287808e-01 8.173139024967185709e-03 -1.894550771927026867e-02 -9.432760136213702573e-01 -8.284426088265668328e-03 9.999488452103098002e-01 -5.803037735206802161e-03 -1.693490169866074813e-01 1.889710953163034612e-02 5.958754991332453760e-03 9.998036769737864704e-01 4.369462739491764580e+01
9.997420238680827520e-01 6.874341940366178114e-03 -2.164784365791611390e-02 -9.100920942960668558e-01 -6.984937998138296064e-03 9.999629168906161159e-01 -5.037408537450945890e-03 -2.135508598532039615e-01 2.161241201978207280e-02 5.187317852025512092e-03 9.997529671774871840e-01 4.426542902523956258e+01
9.996485795426731658e-01 1.956114297379721713e-04 -2.650809601772570814e-02 -1.129578026955071479e+00 -2.897126749189302803e-04 9.999936705587699759e-01 -3.546111809329188531e-03 -1.542720988660418180e-01 2.650723457628881979e-02 3.552545364499735351e-03 9.996423089968486941e-01 4.510854119285475861e+01
9.996509164703494266e-01 7.595661820339712688e-04 -2.640962436700291030e-02 -1.202834406139563495e+00 -8.608496865521151915e-04 9.999923181791157134e-01 -3.823940451368134340e-03 -1.481685956013650829e-01 2.640651695714993710e-02 3.845340293596500453e-03 9.996438912033718260e-01 4.545029819623642453e+01
9.996259182563197454e-01 7.713598709787108107e-04 -2.733913960167174209e-02 -1.239704930946139649e+00 -8.724537634888768602e-04 9.999928259551821297e-01 -3.686036163667671169e-03 -1.651109763540020703e-01 2.733610020907932883e-02 3.708509420068333440e-03 9.996194198710032230e-01 4.578713002672195387e+01
9.996178060017483213e-01 -7.959224073202539828e-05 -2.764481125504620121e-02 -1.284065887178821086e+00 8.155730162101352408e-07 9.999959398811271161e-01 -2.849600076563548346e-03 -1.895676836001320698e-01 2.764492581988157657e-02 2.848488430154779566e-03 9.996137474995414607e-01 4.620021998316359912e+01
9.996464782746111721e-01 -3.222652658988582483e-05 -2.658791895991749824e-02 -1.385151649073536717e+00 -8.954289825189448715e-05 9.999895138051054788e-01 -4.578674687995557685e-03 -1.279223831646949527e-01 2.658778770859902829e-02 4.579436786342029782e-03 9.996359929011574552e-01 4.659021913872498288e+01
9.996191869529199581e-01 1.829067764860401932e-04 -2.759434037434578546e-02 -1.442877688441251305e+00 -3.081881268703390341e-04 9.999896651454988072e-01 -4.535925734826237732e-03 -1.208215419594900891e-01 2.759322553929843130e-02 4.542702643198031319e-03 9.996089124037628171e-01 4.689376621178905680e+01
9.996110163125149217e-01 -4.293451622355891968e-04 -2.788604901009948678e-02 -1.514978672485973732e+00 3.188542227535307700e-04 9.999920823522290281e-01 -3.966555790300895119e-03 -1.290618310088801901e-01 2.788753123972501080e-02 3.956121280320195818e-03 9.996032386430975247e-01 4.718796661244780211e+01
9.995997961361668960e-01 -1.032123359313695142e-03 -2.826981227220209253e-02 -1.573406573721673585e+00 9.202127359479053779e-04 9.999916906187350518e-01 -3.971385401174091362e-03 -1.248963317050619526e-01 2.827367632719503254e-02 3.943781796096043624e-03 9.995924398534086208e-01 4.743721606105084021e+01
9.994059761558217181e-01 -1.734659257274493100e-03 -3.441926468260932126e-02 -1.277729157364445367e+00 1.611331852621679340e-03 9.999921838918051087e-01 -3.610507576372028876e-03 -1.368971643051155040e-01 3.442525865830339815e-02 3.552901991255181472e-03 9.994009598022958185e-01 4.814234337995238633e+01
9.994028206481354593e-01 -3.487817223392160500e-04 -3.455257489482176092e-02 -1.326535142068254292e+00 2.355356966193663181e-04 9.999945880762489692e-01 -3.281515069124396351e-03 -1.427663185605178298e-01 3.455353243139872715e-02 3.271417051284447163e-03 9.993974941068191065e-01 4.847116797549590217e+01
9.994334979641699146e-01 -1.081944599207795762e-04 -3.365518446040029199e-02 -1.405991883737032655e+00 3.492652052135480971e-06 9.999951606382919689e-01 -3.111058951235546807e-03 -1.480125077939098144e-01 3.365535819013236452e-02 3.109178984157023439e-03 9.994286617218554047e-01 4.879892757113746882e+01
9.994293576945186830e-01 -1.762313846124377971e-03 -3.373208010530570622e-02 -1.454803429555039163e+00 1.638531864873892050e-03 9.999918242070389152e-01 -3.696854393474096039e-03 -1.408947267788514535e-01 3.373831933648734765e-02 3.639473723838962567e-03 9.994240741744033762e-01 4.911596706191200923e+01
9.994108674656890789e-01 -4.837561920054851954e-04 -3.431740041766907778e-02 -1.467571037203097006e+00 3.421011500893288604e-04 9.999913983607374712e-01 -4.133542226712614426e-03 -1.379871280300292158e-01 3.431910485841734720e-02 4.119367000353958697e-03 9.994024363874814965e-01 4.946428610779170043e+01
9.994071445506188534e-01 -1.591213770072592024e-03 -3.439225872078409407e-02 -1.467169370664141548e+00 1.474960549415455608e-03 9.999931141143174607e-01 -3.405321618774105955e-03 -1.319095884049600875e-01 3.439744049427351236e-02 3.352575530477083701e-03 9.994026097248074336e-01 4.968776027734131873e+01
9.994756450785209356e-01 -1.574480063984793222e-04 -3.237916158582077736e-02 -1.594188309111763902e+00 3.723069003851627723e-05 9.999931047310314236e-01 -3.713368318400528043e-03 -1.396669113274433272e-01 3.237952298523143896e-02 3.710215696918811069e-03 9.994687592870182824e-01 5.002048722361169553e+01
9.994765755690481202e-01 -7.945507775160803624e-06 -3.235080873237776433e-02 -1.643323705799240475e+00 -1.154546278057432332e-04 9.999927254727083437e-01 -3.812567624771143887e-03 -1.572314878655261539e-01 3.235060368832245320e-02 3.814307084313102794e-03 9.994693039320758920e-01 5.029058108629870105e+01
9.994844063036613102e-01 -1.422634246980886141e-03 -3.207643477100048657e-02 -1.665913269198741498e+00 1.263596103144185544e-03 9.999868122037356422e-01 -4.977825177626744868e-03 -1.167446149978184078e-01 3.208309337808702699e-02 4.934726984364297929e-03 9.994730229420318857e-01 5.056591950267359437e+01
